10000
11815
3648
555
4244
28
11236
13592
7764
7942
14719
16735
7617
5599
9177
10560
17115
10184
10799
11528
4641
15878
7126
8226
916
8530
7327
1432
1166
4446
10419
6179
16261
10419
3086
16857
10447
14323
10450
14563
18617
1521
11298
2586
7121
16827
13146
4236
7011
3946
12116
11653
19824
19242
19879
17092
4125
3558
14876
5291
8004
5295
7823
4266
15714
10909
1123
2514
1584
7925
17077
201
9447
8376
2788
12920
5203
15934
17156
8567
16232
9272
220
12409
4867
16451
9501
5344
9
730
10635
4365
6025
14810
8631
18092
5720
6107
606
3656
10384
14035
210
16183
2411
2998
9103
3967
15284
6259
12534
7869
11884
9106
16630
13103
1909
2483
18447
18270
3213
5434
2635
5591
245
7619
3683
2317
10078
641
2325
462
14676
2535
16646
13440
1885
2101
13759
17170
4713
2645
1391
16597
11751
18021
9700
10012
504
4499
4634
3718
9933
7269
9309
6530
11240
9344
5199
1318
9985
7525
1781
1013
10060
14779
14453
11946
16880
8212
5468
1593
10857
6859
14542
18960
1232
594
8972
18088
5093
13606
1806
11379
17228
7467
17909
8468
13163
3109
6139
3148
6986
7920
4162
17046
19051
14967
5344
15931
3180
10812
13877
14037
14023
8419
9350
11607
5366
14674
9696
10459
4633
7854
1838
1861
15322
16100
6681
8485
15561
12820
7986
2547
17092
8500
15945
16143
3467
1290
8427
6647
8454
2304
17037
18830
7075
6387
10437
12441
17413
133
19253
2046
7988
17443
3907
19662
9895
6941
4499
5456
16113
12485
4355
9558
17337
301
5701
805
17943
10480
3804
6397
9136
17193
1579
12564
19932
12017
1357
17346
12150
610
19392
16490
14406
19652
16152
4301
2945
652
6110
19058
9489
10465
8616
6827
7118
10670
7632
1413
17502
7788
4163
6639
4982
5742
19203
4914
17759
560
2260
6262
17523
18005
2752
11929
17657
15257
12582
602
15909
18692
16012
1750
5510
4629
8577
12628
11651
12561
10394
9153
16702
14557
12144
1684
16651
7699
2950
14411
4612
5211
17025
2135
19568
16129
10416
17225
11386
2998
14179
3647
1691
10191
5398
7201
14820
10327
16181
2823
19241
2927
8329
15943
13836
473
17627
10488
8173
577
1251
12785
2140
18276
11272
1708
14405
1688
15285
2144
1038
9464
5791
19081
19656
7541
6282
10828
14221
18816
13652
13462
18095
1981
9405
11932
2454
3384
2420
6979
313
3671
16116
18806
18299
7388
514
9056
5428
12152
11200
2819
1616
13344
1900
1272
17237
4535
8453
11458
19703
2105
1272
17798
438
7029
9730
19244
6765
12150
6224
7079
12173
2340
5885
10472
6081
2751
19529
7861
11255
7081
10680
12872
425
12581
10496
17663
13468
18949
5473
13171
17406
3098
10969
17844
10127
700
17089
16893
9202
3313
324
1376
2005
2561
8200
4438
5312
7729
12300
12920
14811
2980
5792
11588
11913
12640
5603
5381
11590
7429
14904
8996
10527
5874
6841
654
2926
282
13899
12128
19947
14223
9856
18304
16784
18057
2743
18449
2138
15043
11369
13301
14375
13513
4890
2641
6153
6845
4374
17743
14274
19279
3092
4801
5153
6285
1808
4431
6567
15707
12911
2866
9931
2768
1170
6715
17177
3913
5164
19315
15308
12885
12617
9684
6398
13859
8677
12552
704
13051
6647
11331
12330
9739
16132
13835
12376
14292
14618
18943
10000
7530
18161
19931
6650
19332
2998
3827
3245
4515
19494
18554
17400
8463
4590
3799
2322
9619
12703
19379
2670
19350
7062
11353
5442
19546
5188
17818
13839
16159
13114
3839
3689
11275
122
10339
10607
19472
10518
10205
339
10012
5111
17740
14828
9701
17891
13502
15672
10594
9233
18342
6296
16295
9695
11738
15842
11236
9557
9681
7395
2671
9872
7436
13946
6346
17775
906
2170
4645
11111
2510
11009
16222
250
5837
2275
14493
19340
17947
1439
8573
16289
7735
4869
2337
19474
17063
9925
9031
6744
13672
8054
12968
1108
18352
15666
15235
19258
17836
19880
10369
346
10889
2943
16948
16727
5218
11441
12419
19517
12880
17344
12159
16968
2213
14496
16442
15628
773
1825
2372
14445
6231
11692
15553
4583
7358
7140
3842
1547
7020
10563
1893
14261
9859
18842
7340
15077
6635
19759
14595
15868
17104
6754
12836
15669
17602
9278
11298
18375
7455
10022
9172
13686
18067
1077
18269
1777
8217
18463
3324
11589
5379
5218
5850
15238
412
13191
6667
3399
9302
1262
19267
2758
4368
8455
18428
18322
14085
6078
16697
1540
12452
2221
15226
10519
3298
9848
12297
11515
4663
15621
3104
10042
17191
5307
1632
13955
14850
8300
17355
4152
5914
12974
6911
6635
1430
1691
4957
15515
4121
18007
13408
16573
228
4986
7093
3527
11186
19390
11394
15850
11363
10851
2244
8555
12510
3877
18862
7360
8529
16217
11512
14443
5544
14775
1078
6974
16466
6036
18841
587
4043
8601
13513
623
13588
606
502
4774
16348
11897
16976
4063
19100
19221
8970
11610
19450
7833
18970
7979
402
6834
2422
5946
1610
19853
9272
14428
5889
4466
11368
6284
13067
4881
6907
6655
1839
3762
7782
18187
15659
4758
2250
11111
331
11221
19073
19781
19054
14395
7760
19456
1229
10183
1755
19191
6388
11027
13620
12277
15493
1340
14913
4913
6221
18172
7920
8060
1934
15702
2599
13945
16813
4849
1408
13496
12422
481
13278
7828
14876
1038
3637
12458
7573
5392
11649
13961
12771
5269
2590
4617
6609
13855
9530
9182
12028
17450
13594
10314
9505
16193
612
2670
17395
2020
16166
9817
18854
9444
17646
13730
6835
1283
6188
14408
3027
14190
4722
15798
15811
7312
415
18773
17520
6297
7955
9548
3748
1550
16214
9605
17743
16826
8627
11490
15199
1145
1308
14053
10590
15306
4135
13777
16589
6676
4537
19616
866
9259
11766
16677
12924
12182
15450
10444
18479
19758
16344
18579
17660
12558
4536
11755
5737
13163
3246
17288
14309
4554
7693
1251
19860
11828
11380
12801
14856
15917
8769
12074
1529
535
5104
14453
9069
16906
1249
7549
16664
17593
2480
14324
6503
3369
6080
8592
12884
9326
5880
3545
10232
13573
4796
10092
1754
12528
19245
12962
8446
8014
1389
9975
8549
6493
780
17619
3399
2029
1520
16416
15974
352
10740
2477
3721
13172
11070
16606
18850
13302
151
9082
3228
1300
15526
1334
13828
11123
10648
18626
19137
12037
4953
7687
18530
5733
1658
18282
4114
19530
14698
88
19882
5438
2566
3604
14963
9988
210
13813
19642
16713
19248
19222
18013
11126
16908
8194
2250
7557
6820
1387
19594
11774
5426
14477
13859
3436
12759
17974
2966
7457
18062
2849
9247
16980
2805
4210
3320
3015
14376
19315
16080
9976
18537
10446
1102
15446
18640
3352
19355
1812
1092
18949
9938
2870
9778
3798
6307
2537
18124
9273
6346
16186
8474
15594
9519
11279
16156
9191
10646
6884
8506
6727
16860
3396
17173
14315
18842
12165
14019
14549
13977
15111
13498
3916
17982
19629
7714
641
2166
5838
9914
8513
18376
14741
459
4247
6020
16615
13439
16667
19852
18297
19746
16712
1693
16919
11027
16887
9084
5047
11436
3061
16510
1287
3329
10844
916
11043
11485
3082
13233
17752
7947
7962
12493
8406
12209
18513
1374
5648
11532
1226
298
11278
17938
1991
4549
5318
18879
13633
6717
10315
13047
3227
7954
16376
10424
8870
3772
1909
8305
17005
16013
16252
4967
8506
1011
13529
3372
2385
15529
14904
19963
15827
2535
14253
17819
7084
19571
16698
17070
2640
3365
10117
2220
7672
2845
12644
16542
6617
10905
1199
19975
6919
17452
1294
11777
14815
14823
15149
13552
10353
6406
13515
6180
8941
7768
351
16025
7340
13401
13095
6332
13119
19564
8552
791
18762
1196
17333
1731
12102
14885
1706
15373
12337
19353
7150
3504
14176
2300
17056
881
8706
10571
3414
13999
18339
3765
6376
2031
17167
15824
8364
6638
15388
16916
7429
10502
14465
1114
12234
2919
15999
10292
18292
4688
9645
5442
8192
174
4094
1600
1055
9152
12171
821
3151
6863
4587
9528
8894
18106
5352
13610
4744
17092
10527
8525
7595
1344
9639
16181
4263
1991
6473
2555
6679
16119
4349
11224
16293
8444
12824
13700
13948
4996
14522
17100
8211
15461
2980
17105
9919
4684
10716
11015
18128
17595
19540
5723
18939
5531
1904
3202
7522
4730
2109
10554
849
2810
1778
13494
7606
14602
3546
1555
15950
14420
15007
4161
9881
17987
17619
16152
19023
4687
3519
17151
2282
19411
19227
1221
4943
17483
775
8817
2213
19236
19371
19414
2046
17501
12908
9653
12104
16455
11208
4406
7227
6215
4920
17109
554
2539
9613
15929
7226
13133
13080
5860
12544
12307
3433
13839
9791
4208
2657
8356
19796
18380
7771
1842
15882
679
11495
4338
13486
19055
8744
714
1622
10016
14175
18528
8907
140
14457
16133
13273
3890
18345
2170
12549
1778
16009
18692
5986
15018
7049
5782
13399
14820
3977
9281
11851
15472
13619
1690
10880
18715
18756
12502
5084
9283
7383
13991
9423
18192
6477
19049
2082
4822
1219
14632
6601
13580
13324
8939
8599
373
14722
1998
11545
15051
7631
3397
6875
1250
1439
17755
16317
195
6610
17753
5830
13993
11745
15253
12185
18222
10654
10620
3044
8225
5252
5997
1806
14928
14937
10405
11654
6011
8755
19551
1062
16386
19300
7937
13988
739
2045
6657
17286
8655
4411
3116
19000
16156
18370
7537
10730
5376
18157
13774
13602
19761
16124
15408
11042
11061
2165
2696
17072
10920
2247
18134
7306
1548
2423
17646
18639
4468
4303
15926
13123
8714
19042
8475
1222
13764
16013
11952
19141
10522
2079
12743
10284
18203
8151
1326
5616
10316
374
2688
17588
2621
17174
1246
521
19597
18892
19161
418
19547
15087
9893
4614
10481
18369
5836
4246
14382
14141
3387
1256
12572
16130
11540
7127
633
9218
12743
7301
9592
11783
4889
8566
8957
6135
9087
4906
1379
4600
1676
926
16039
11570
5540
6521
9939
7729
7119
673
1870
10506
1929
10794
2988
9822
17921
3621
19040
10664
10922
4985
2447
12163
13551
7756
18298
18990
9014
19677
3591
10691
16955
15982
2261
2496
2503
8552
10225
9622
5577
8447
16480
3858
19241
19468
13680
17162
19441
9073
4178
6715
14058
2977
18878
7609
7085
13528
2951
16099
9557
6542
3142
6513
2525
1755
9009
1380
10307
15586
7355
12236
4033
3835
16095
19626
19656
6127
13140
19097
15200
17318
2165
5610
16647
1043
9571
3732
10924
12523
16183
481
15417
19326
6994
14294
17433
12355
15675
4093
7941
19382
16329
8326
19569
8776
7952
19225
14904
17444
14675
6456
14762
16840
12067
7761
14235
1638
11493
5159
10513
4029
5641
5931
19707
12635
225
17140
4991
12252
1233
9284
7986
13915
17611
7556
2691
1915
6781
17595
19360
17808
404
10474
14648
12471
18236
8884
10461
6081
10395
17327
6462
16036
3258
6169
5024
19835
19662
6367
8440
895
15651
16426
14810
9614
3982
13854
7882
7116
11449
3594
4924
11853
14068
15925
676
8656
1161
7490
11090
11556
4817
17552
7593
4427
74
8969
4262
19736
15336
9054
631
7339
5481
11794
16954
5815
5648
1188
12931
13449
4782
14208
1655
15202
10133
2331
211
7646
6173
11301
19202
10990
5205
3147
15417
5279
12116
16032
5015
3804
5086
1999
11144
6919
10145
4450
9087
15793
5638
18370
9242
6772
12578
7249
1974
19063
9581
18537
6709
15754
9838
2264
3097
11396
5411
14866
16675
13880
7250
18043
17684
8689
42
8828
15608
10187
13278
4695
2332
15268
19418
7926
2040
11996
15176
367
7412
1109
18904
10473
13215
5095
12737
16312
16491
14501
11179
13166
8381
18429
7561
6065
7118
7603
11246
19079
14142
876
126
16474
16145
19544
4401
14537
7893
15929
14904
11657
17038
13809
2130
10253
18904
14868
2918
11747
9369
10449
4913
14102
5230
12475
16519
8701
16430
7765
4132
10573
4994
4258
3399
17491
155
4152
12028
4400
81
6933
16057
13471
17094
18187
77
12350
9407
2995
4097
15128
13444
5362
9230
15026
14189
2102
3727
6972
6219
7859
13897
11213
8470
17296
8704
4977
17801
17085
9377
14234
370
5434
7706
17464
19973
4135
6166
5733
7130
6615
861
16926
11977
6444
8304
2519
8546
12032
9491
11117
16243
3388
2331
4713
17036
7387
9690
11189
4472
19067
5424
4842
853
9482
18658
17179
13617
1176
2912
17099
7791
125
10377
16121
2921
18681
18640
7819
7065
4483
18937
3309
4223
17620
8022
17611
1359
14065
8801
5832
9484
10577
7026
6690
16411
2037
3869
6380
3213
3133
3479
7357
19610
10208
3478
18884
8889
18470
6703
15955
19305
1992
15616
3528
19612
19990
17491
17324
14055
2644
19508
19892
13221
6534
6582
9632
4923
6803
12364
4489
6288
15843
11846
2250
2403
15324
1134
11293
10146
7838
3600
9451
6182
15568
9331
5795
15558
6822
19471
9614
9467
18979
9506
19040
5513
12440
5025
6789
19243
17389
11278
1883
9585
3124
4133
11988
14800
5268
19633
1298
9458
19585
7101
15640
15153
16432
17787
10712
19606
17258
16678
5425
16237
2536
4466
18103
14976
5843
4892
10571
3232
16170
12454
12817
15646
16587
1158
6798
18207
791
8096
7665
377
15197
3306
11882
7981
1093
2594
7587
18352
15624
13013
14589
18160
13831
12692
9488
19674
13936
16411
2906
10106
8865
12076
2104
1805
13234
8902
12
10377
13350
4030
7106
8547
7336
18989
16528
8429
17935
468
3133
13560
9833
14075
8072
3664
3119
13913
3338
17056
10324
2596
3514
15542
14672
1971
17347
4258
10873
13711
14636
576
17741
1742
9123
1429
17083
2004
6211
15019
18824
9344
4931
8657
19771
9355
12321
19243
3268
12011
16299
13593
14607
16165
9135
5632
18136
2834
9890
5362
12897
878
5938
6991
18973
11413
8420
12408
9769
14631
7427
8593
328
8710
17250
99
18066
5923
15694
1334
17934
8345
11279
8894
4511
16766
10878
18999
19600
17120
713
8850
17999
3003
15841
13324
14417
4261
5732
538
15245
9512
5484
15573
18222
2734
12024
12640
5010
7719
10327
19296
16064
1606
4542
16927
18373
15420
15927
14325
12541
12992
3175
6892
15996
19016
216
6765
19630
5948
7303
14875
11812
9139
10448
6387
8226
2472
19027
13236
6543
9354
8884
2608
10961
13427
19535
5686
8847
11814
11
17740
4807
3187
4632
17155
2203
4848
272
1833
7149
3927
16708
15313
13067
3508
1700
1293
2333
728
14529
8876
6434
19765
7836
17395
13192
7372
3081
18392
15538
19445
16132
16697
2632
765
13852
4835
1965
14124
3021
9114
14404
16081
4428
7471
19590
6128
8764
18275
3208
19645
7151
9643
19410
11340
3390
12603
18712
2824
10995
10602
2269
3479
7300
4901
4244
17504
6088
6210
7981
5461
11676
2385
1543
12456
9856
17485
14937
18620
15760
18145
14617
19263
4140
14027
10603
3883
6630
5667
6707
13977
12622
5328
17457
19922
6581
18053
17426
9021
4263
5407
14483
12292
4144
12378
4748
14000
9863
19685
8972
1975
17831
3589
17590
18323
17617
4546
2206
599
6565
5265
10929
19187
6945
4738
15461
13526
2791
12888
18900
3407
14647
13383
15699
18792
5761
447
9144
11976
16485
18117
10303
10668
1706
4245
8991
15675
5143
7550
12627
8061
9167
3556
7248
16113
8294
2710
5991
11085
11950
4891
10844
2949
18274
2895
18093
387
19695
7238
8715
16180
5355
15370
6848
3413
19616
12191
15441
1111
19741
8068
9172
8909
11624
12773
1374
16270
15483
7365
3707
3785
12257
14552
6734
10531
17447
4828
7271
17142
8418
15986
9674
13773
7709
16522
13538
3677
5066
5331
4788
4807
13399
13961
10068
1375
3086
11442
17645
18569
15160
17705
18706
7417
12257
1792
14300
6056
2972
1571
19551
11390
13910
9225
1515
17971
2100
15054
1648
7166
385
6436
8325
10137
16749
14746
11512
19835
6188
5510
14756
1348
3215
9814
5117
11824
11607
19418
14232
14579
17341
10135
5970
7603
19361
7485
5574
17813
18891
7222
1331
15629
10011
9656
5766
6760
4402
13630
2948
6943
19140
14056
4643
18707
3871
6113
6883
15478
5531
1116
10057
2872
11251
12379
10476
6964
19865
16050
1129
15108
19625
2460
10737
9636
8469
12855
12748
9223
6486
15696
16166
1978
6105
17162
17038
9976
3275
3921
1806
5158
1389
8215
4382
8993
595
11210
12309
16812
3613
13439
11920
3238
12251
19010
12874
720
11865
1974
9944
18351
17671
2462
16682
128
15976
13720
10104
15603
13993
11910
17113
15383
125
1496
4376
17072
12706
16685
13884
12671
6476
2157
15909
18728
17519
5135
15800
9384
7110
2096
4088
1133
4559
770
1261
16887
10842
7717
8843
4835
19627
5956
218
16104
7452
946
9529
16511
13984
19765
9182
460
1922
5092
15540
19441
6579
11341
5178
13689
13437
9266
14822
14348
6388
16083
11236
13582
3800
79
18417
19779
6035
14988
12236
9840
15934
18117
6351
9918
17882
11885
6731
16157
13329
2271
11950
19909
13612
17128
13598
3402
2746
4773
17750
5486
17208
5338
19068
17361
1769
13838
13492
7805
8826
2080
13997
1112
197
16700
7383
18080
8585
14114
10589
18267
16385
2539
18176
6350
16020
8126
9752
15118
12899
3854
605
10108
9193
16025
3821
10962
9863
17313
15119
15041
19394
9116
16154
19591
2168
3537
14023
10754
14003
4612
9021
6740
3504
3549
13090
19524
11675
19194
14642
927
3049
11599
7387
12242
7625
11208
3204
17488
8521
14676
8882
4267
144
5036
211
2313
4925
10586
9419
15280
15199
14792
2020
15055
18341
15111
10931
6368
14305
5573
7295
13706
13525
14682
5948
1150
2242
5505
14990
7116
16533
3872
11383
16677
5260
7946
18990
10185
18533
4761
5465
10084
19553
3838
5139
14246
18949
16070
615
9606
17995
7910
3313
11520
18945
5613
9022
1187
7470
4013
8303
4003
4237
16039
681
9498
3985
16023
16035
2518
785
17853
12602
16690
1691
14093
10937
16992
10163
11552
2950
4511
15814
2615
16031
11111
8229
1406
8651
12051
5419
16954
12407
6008
9345
9440
15506
13331
5463
7894
12201
2600
5747
1156
19291
3790
15249
10228
782
1765
18132
84
6276
10298
2700
18659
1410
7281
65
10061
19332
1836
3367
8091
7845
9065
17531
19703
2396
19347
7597
10949
1947
9696
12105
17590
9838
7355
4170
6972
9120
2302
7057
15396
8953
9757
10407
10363
17038
10473
16776
12722
12309
16495
814
154
5560
18345
16210
4308
14044
159
15258
12344
9856
7363
9934
16046
11070
14105
3019
190
12759
10076
11938
1712
19833
2346
8427
13223
9171
1555
5945
1480
18051
3111
17987
3611
17809
14197
7920
11853
10708
19530
4197
16916
6893
10484
12963
17964
4589
15982
14506
13700
6058
2797
11765
5891
1495
16544
15466
10666
18100
17763
8498
16151
875
6485
16114
15036
17034
386
6889
4095
19916
7439
1011
3162
17923
13974
1126
18864
9956
11984
8916
16014
11133
17033
18257
12628
13578
10075
19646
11678
7839
8145
4181
8714
10982
295
102
4369
682
3343
8464
16950
10782
9475
112
5057
3450
17590
273
9758
5927
5542
5773
17060
2575
382
6041
16153
10458
5687
7831
18297
10184
8364
3363
17519
8660
3465
1888
5694
6808
6704
18996
13943
16179
19109
15352
15981
16699
11978
5740
2626
17520
7865
16039
95
4599
2080
16249
11409
4119
432
9706
10656
5149
9421
8175
13809
9238
6415
15855
12399
13119
14851
2694
5650
10312
18046
17984
3364
10024
3724
5990
7544
7941
18381
3992
8892
461
16593
302
933
13377
10008
11589
18526
15782
19764
8687
5020
6179
894
13771
19298
12098
16465
1300
2410
10864
19284
5774
888
19360
8117
4785
7301
6498
5129
12546
3312
1722
12848
4245
11451
19208
15834
9978
14990
15598
18665
16363
18129
19560
6486
13779
11658
2952
15079
10420
13816
10716
16195
11056
10076
664
12193
13730
7162
17322
6276
10474
15396
19124
11071
6848
18332
6905
13178
9675
18855
11843
6038
16984
7755
12524
7115
15765
11828
18547
6186
1996
9263
18733
9405
19339
19397
1598
9421
6559
15273
15697
13386
7021
11173
4457
10221
9506
7715
3399
15533
6570
11595
17923
19907
19350
6799
7022
15116
18628
5569
17654
16976
14832
16387
6381
10524
15784
4332
19945
18695
19605
15643
8433
2978
3168
12891
13200
12674
606
16599
4559
3528
4546
2482
3435
3897
9282
10458
15365
4262
16027
9371
1238
7212
5758
7620
17736
17894
8304
17681
16589
7909
9676
5023
7239
12845
14266
439
1871
11224
13391
6431
14752
17937
5265
18188
18186
14547
4998
9903
15161
17377
15626
16400
4589
1384
372
18677
15630
8676
12711
8572
12937
2387
9947
176
11584
4213
16968
9808
11789
6711
12591
6541
1000
17856
1081
15539
8756
6079
5442
3917
3457
17421
16669
4398
18805
17041
3076
10788
2069
15787
19360
11358
14526
9307
11535
6111
9872
4855
12271
1661
11566
4862
4554
12566
19070
5636
8105
7826
8067
9900
8096
11524
7321
4765
15923
2478
18159
18999
13266
16580
11138
8978
7939
5664
18285
15826
8127
8157
681
398
6170
12247
1612
10725
1165
683
12713
5623
4861
780
15523
9309
8657
19196
14075
932
1674
8586
16283
11293
5166
7421
271
13105
9437
18557
8931
17565
3066
5964
14315
5589
18211
15928
12666
15729
12963
5379
1352
14176
2511
16875
3486
11168
12423
13913
12100
14097
2499
4735
5390
4017
12156
2014
17123
1594
571
2406
15511
19989
8371
9826
5578
2934
5754
18244
15015
15069
19975
16367
9246
2487
9594
9084
10007
2017
2997
18460
12467
1848
3195
14209
5865
11704
16223
19340
9650
13146
18099
5161
13136
2822
14987
15066
5756
17094
9663
772
8515
5990
13491
17761
8477
3086
3197
18485
1455
6194
13297
13922
4394
16492
8132
6612
8196
4355
5952
17846
17502
4051
19359
6990
3225
14347
18408
8982
7793
4423
6106
16308
10414
19597
10422
18891
19035
13619
13728
491
16166
7025
14413
560
19870
18897
7172
4418
3253
9477
18617
17107
9880
17976
449
13106
12323
18857
18440
16468
19633
4546
12777
10047
495
3199
5290
15883
16818
15371
16374
12984
18748
7139
9897
18618
6037
13421
19389
5642
2898
18006
19101
9131
15982
19550
2237
4658
14759
17029
1126
14392
1575
10255
791
18422
13454
6082
14305
6625
1453
7031
19609
201
14171
5858
15172
16560
19280
14561
2202
18530
12567
17655
7661
4901
17205
6250
5911
8316
3279
7038
19061
1206
13645
19852
15981
7100
5934
10286
13725
3739
13670
9686
293
7841
15545
15465
753
11177
6378
2955
6059
15297
16962
10073
16550
14167
16323
2462
18835
15955
5852
17896
17161
19497
17749
13142
6597
35
19781
16674
3775
13451
6361
420
17644
18258
15885
18397
5787
18615
17704
11846
13912
14666
18271
10462
5185
14595
9276
4020
6902
15128
18269
4063
14626
16018
13558
17575
12405
9691
14250
16180
19494
16963
12952
17138
15221
8837
11887
17360
3804
5943
9206
17716
16961
7478
4531
18498
18425
13807
18870
5327
5288
17139
5742
16266
9509
19300
13841
1915
5343
4443
14447
4837
1406
7400
18327
12979
12589
6566
10339
16394
8861
15898
10462
2174
19728
11345
672
14505
5153
15895
19832
6793
9386
1926
3059
18896
17579
13252
17163
2922
17696
7962
7760
15454
15362
2439
8434
4304
9006
15125
698
17867
11023
7512
42
10751
18858
17066
5256
363
9313
1440
7156
18700
3367
6567
17596
17298
19819
14759
220
13867
2721
4332
9322
14436
6772
14108
18740
12130
9233
15790
6349
257
19654
6391
7360
14864
19810
8969
15227
9123
6761
18735
7823
6480
5302
1771
3778
1474
12882
3999
15341
15604
4683
1015
6392
7807
15123
1484
19937
4357
13626
6287
4614
13280
9030
8326
8145
5192
17295
19724
14316
4057
14812
18491
10537
16466
263
10668
17940
13145
11019
9634
5101
15702
10649
7845
3510
5773
9329
19799
10130
19307
6086
11096
12588
11469
19422
17085
16661
13070
13161
7329
13479
7973
5821
368
4440
2436
11036
18732
11933
2055
8366
17035
14110
19016
1232
13972
1141
10562
13771
11271
6221
16210
18719
18809
7679
14493
12246
4340
7563
5408
11670
17394
9733
13843
17763
14173
16279
5151
12906
8212
3559
17624
1599
17669
16640
2832
7993
14133
9746
1764
5404
15967
17974
475
11129
2005
14969
19727
2698
18884
1487
14368
16279
11221
4563
14042
5394
842
15545
14652
5406
19104
12277
3358
13125
5269
2542
1118
19403
8640
19235
1159
959
13561
1635
8440
15567
12956
8168
18265
11840
9655
8985
8119
876
13548
18513
2623
10742
10411
13627
12500
9515
5904
12210
18993
7526
14752
111
6929
3392
15698
4440
704
9260
2427
9144
1179
15383
17312
19444
7224
3320
4781
11695
4196
14681
6561
3171
1775
16972
16799
14275
2839
19055
6486
1832
6581
17590
1944
9862
17335
13994
14303
18039
3254
13082
7183
4433
8466
4496
229
12042
7816
5010
89
8364
16043
6650
7888
17818
3622
1039
8446
6462
94
14932
8294
3028
8874
6590
12890
6209
585
3545
4248
191
16628
11432
4625
1446
12280
1206
13488
16448
2569
13577
1164
18612
16580
9052
16431
202
10091
1229
3016
6538
12513
7663
9566
1387
10605
18808
7597
7542
2354
8197
7734
18982
15981
8711
16780
4613
6269
10268
1061
8838
197
18578
7451
16777
3982
234
13332
10426
1463
16348
16964
13976
363
2882
11715
10969
1690
19312
18511
4044
3862
2597
19378
19843
7660
16158
4457
13930
2778
1870
2768
2976
448
6571
16105
4431
3157
9437
14857
972
2138
8173
11300
2501
11055
3016
9822
12745
18680
8334
13142
2542
7283
12520
2386
11296
5031
3195
5226
7809
5065
4346
7137
1866
7270
3243
2649
10427
12680
13858
11400
11170
2031
19052
13672
13086
2068
3494
2183
749
8180
15325
19643
11816
4198
18381
3112
9229
1576
4690
17038
2994
9036
528
1212
16306
3771
3861
3086
12803
17719
10838
3974
16102
9890
13998
9188
11959
13844
7723
9060
2025
3049
8703
10193
7247
3437
13305
16476
5013
17995
9866
4359
3383
6746
5571
19690
10517
5784
19128
19673
19855
9966
3647
15957
19856
17645
1497
8167
11489
9221
17227
9866
12270
2283
59
15869
5720
9716
8697
7085
4063
14915
7797
7447
1662
9720
3489
8531
15505
2617
8204
11712
12583
11851
7670
12439
5848
9167
607
13690
14740
14186
19908
3362
12821
16320
19231
18541
6036
4280
1979
6452
19196
6128
13899
858
15848
13740
9389
7705
16357
13946
19418
5292
5797
7088
14083
7998
12607
11042
18040
7348
5229
17948
10710
18050
14268
6294
12944
16657
10574
11275
19461
9770
17403
9712
6980
9603
3452
12722
17309
16161
6668
16727
1453
8817
167
11888
13167
12774
2931
11207
16474
8160
5508
7185
2562
16128
9831
11858
9137
405
19485
8598
6528
16888
18310
9860
6492
18114
2582
3801
14275
5602
16880
12080
14420
13399
3969
3939
6173
6900
15147
19000
11412
655
2537
10326
13135
12368
2185
2273
9125
18022
10871
15653
14911
5534
5514
17755
3648
4448
17908
14276
10051
14788
6356
823
4539
6677
4762
10712
13577
16261
9712
1341
13268
8601
11668
6404
969
10205
8677
10095
4579
15900
2100
19490
1434
7614
17245
1435
8415
11505
15711
18466
2645
18419
15641
7184
5097
16755
14249
15026
9369
313
12720
2637
8915
740
5393
9884
7297
10422
16331
11876
6323
18432
7719
4109
2398
1316
1896
10813
12822
13959
5631
15467
12379
1272
2652
13828
14380
16901
5206
3749
17214
17926
6386
6129
15018
8132
12366
2315
18554
8697
10544
1229
3481
18263
5339
5880
19579
3587
16693
12401
17547
2325
4221
6278
3597
6873
106
17977
126
1664
18078
13692
15943
4465
16174
10961
8949
8540
9629
7503
13589
173
8733
17071
14788
10424
2951
14367
14011
19644
3121
11558
18321
7342
17836
18271
10567
14294
16248
10693
15959
10679
737
11902
11496
16911
19215
445
1803
8844
7948
15393
5369
13033
8816
157
3457
8119
10877
13821
4115
13998
5379
2437
1340
19568
708
11907
10214
13308
18952
6173
3987
19689
14427
15483
12953
13643
12280
14756
18839
229
6501
561
9614
11669
718
13072
19788
11595
6893
256
5593
8624
2693
3285
4544
19753
11544
14759
9413
10496
17284
9753
6538
8064
1588
19491
18059
13869
10599
16898
10450
17101
13811
64
8770
14530
13136
4911
2477
16381
5167
4423
1358
4212
7708
5902
3965
19253
17013
9730
6101
10650
19483
8991
18714
1072
8482
13125
14941
15434
10023
5391
12535
3835
5455
17657
14717
14944
18920
17194
7677
4087
1617
9035
4651
5678
11290
4968
1283
8303
14699
7384
15305
14182
12728
10371
11606
1210
3496
6547
16644
9872
8290
5531
10059
10098
19541
4776
1394
18461
18322
9071
18901
16292
18107
3552
1970
5749
8521
19605
10404
19572
3341
5710
10106
16069
16081
1713
13632
19578
4612
6628
9450
12903
8512
19509
19353
8053
637
747
6514
18959
6170
1767
11603
4277
5320
9925
6378
10193
9530
16783
9765
12872
18845
19871
5293
14926
17936
18925
10856
2549
5554
16658
11804
14066
12519
11157
18471
13156
11904
1337
8468
14426
3105
71
15056
8425
6349
1434
14970
15879
18217
1087
5103
17062
17310
10397
8341
15247
5674
15549
17796
7580
12208
9600
17998
4727
757
16469
17884
9013
17807
2704
3439
912
19127
18495
5689
5476
16282
17011
1356
14499
18098
2811
7914
15408
9560
12607
10655
15235
8156
8451
19167
364
14403
17166
1444
11512
13635
19328
525
7794
18384
317
8706
17511
15164
10747
2988
11446
7758
696
2298
5856
3507
6564
17617
9420
19171
8272
1007
7327
13076
174
4044
3831
17340
5488
15344
7328
1168
15869
15122
19552
12538
181
17063
4055
10928
16403
15501
15039
17099
14151
17247
16959
715
14864
6379
19886
19489
7386
3566
8917
3912
3962
12748
1253
9450
8092
4933
6970
314
16407
6522
12852
16588
19937
16907
3869
16341
8761
18908
9792
2912
12507
6751
19980
7372
9482
19866
3213
16868
19784
12130
17133
3746
4878
14738
9548
9323
19671
16518
9637
16078
3040
18841
9019
19330
12101
12888
12023
862
8148
1815
126
655
8567
106
4379
18049
16325
7592
11270
16109
16074
8403
16208
17305
3141
5756
6628
19164
2275
12617
15242
1667
11458
4261
17349
19911
13501
9372
17125
1649
11188
17252
18657
16107
13710
3036
10508
10035
6981
1778
2497
19407
6533
15057
16712
6026
813
19692
5190
19440
8661
16785
17460
120
17398
14809
31
10900
534
17157
8901
11722
10761
7558
7829
823
6947
18337
7211
10280
16468
6060
9687
3001
1117
2752
5380
18282
2444
10570
14075
11106
7355
11535
7578
1106
2696
3961
12006
3230
17470
17259
11304
4583
1170
15485
5407
8117
10175
12618
18397
6643
18678
8084
5996
16147
10836
11376
14429
9633
18299
8504
17091
5654
16391
4669
3112
19088
4982
15118
2318
2453
8730
9975
7036
9900
5460
8795
18017
15635
1413
12766
2278
16443
17202
4627
12590
4391
12355
7020
14024
10654
11876
11115
12661
8268
12136
15773
7356
13470
7244
6026
15923
15974
16001
19312
5874
1462
8107
243
13449
5873
13009
15728
18668
6563
16707
11259
10954
9062
14631
4978
19717
6507
12445
12378
14775
933
4503
18483
14404
11747
862
6679
4073
13215
5991
6299
11029
10451
6542
4479
12676
15903
207
11344
2467
13266
2603
13421
2328
13586
14752
18397
94
3549
7127
11221
4483
11631
6057
15239
19730
6919
1918
3804
134
4262
6455
11164
14713
12998
15643
7389
5253
12202
15085
4072
5468
14041
13846
4148
7627
8598
2546
7721
8499
6025
15295
12982
17656
1352
4573
13739
8271
6492
13895
4757
10754
350
15921
1819
9700
7916
5560
14954
118
645
15378
1938
14686
9224
2439
2314
14174
4985
6387
2674
7362
18034
12008
1371
19386
16582
15110
4009
19426
9005
8767
6532
9355
1040
8351
15408
5309
13911
6714
1779
10908
2092
3718
5595
7669
2509
4261
1843
3846
7000
869
11208
5035
9230
12579
773
2164
7689
4783
17942
13046
9902
4474
18754
7294
12825
14162
12603
6736
876
14383
17644
2968
14453
19591
10637
16962
204
8833
808
7205
6054
12016
8592
15284
4596
9365
13800
8637
14148
11742
1684
402
16216
438
7697
9041
10952
16652
12129
11828
11035
6126
14796
1840
2069
1786
18802
2274
6971
15962
9479
13025
4331
18071
4662
8927
7436
18462
13916
17937
6557
15600
14691
2773
12390
18740
8167
3342
15393
16648
11522
2780
2774
6319
4621
1196
4457
19775
3470
11428
15738
9301
805
69
7372
5467
5348
11160
282
19264
5449
6839
11217
16493
5964
19959
15233
10483
19654
10626
7132
11176
9759
6258
13847
14380
7454
18304
10507
10924
6084
2597
225
3242
19018
3949
5061
4366
11462
5343
19983
13263
8534
7552
9756
14499
3863
1342
4982
3517
11968
8466
14694
18079
14725
8541
8811
2179
3198
19319
9456
5634
1916
9681
8876
17287
9983
13938
1653
17797
15633
17988
11060
4168
1892
17169
15019
5756
18511
1
9273
6831
8468
319
4911
19545
8861
13722
1724
8411
9393
11180
14045
7662
17214
2922
4949
3549
13212
6602
1346
8845
943
8758
13013
19187
5927
8032
4943
4438
4386
10569
7622
9206
10888
12533
8751
19749
2607
6827
8160
12001
14360
18558
19663
11574
17832
4612
15123
11044
7566
12821
19889
4861
1579
9255
4049
7507
13639
8992
8297
14377
19561
15919
19935
10450
4804
5038
6551
7412
11866
11064
19413
6226
9622
15428
14152
7454
40
9275
14850
3958
18448
14739
8820
27
346
12869
3886
10338
1861
12184
4715
17775
4455
1003
4577
9260
6041
11128
13024
14259
18544
8789
485
8166
4217
14637
11972
4257
264
6822
4567
15064
17914
13387
15092
18260
6256
18978
4950
4470
7514
6018
18597
11970
7021
3174
1230
9414
10654
10606
3674
9199
19395
4159
13717
3612
15149
5690
4221
11765
12512
8788
6830
6778
2176
18274
5039
4784
17252
6341
9254
4767
12359
7851
16737
15732
7377
14319
5147
18032
4925
8821
3583
672
9332
17300
4284
4481
19342
8505
12599
11855
13645
15781
18633
15821
14055
24
606
11307
2718
6212
12426
15077
10416
5515
7162
14145
16186
12309
12177
17463
17482
12112
18135
6814
9413
2419
7648
5107
7276
16599
16962
922
12380
11948
16743
6435
8324
13701
14094
11042
16266
2873
2472
6682
8388
5986
827
4575
18295
9357
2038
12129
17821
174
18943
3586
18945
6591
8694
6222
3190
2008
7144
11922
13956
239
14709
18633
13941
8804
6027
10207
11677
8499
13241
65
14485
10420
992
9132
16129
3031
1261
13951
19557
16557
17537
18502
19500
2583
4724
19043
4592
8220
10965
14900
8460
5675
13533
18753
10831
19561
8960
2508
4412
18553
18925
15250
5325
19918
734
1455
19301
1996
11758
15210
14905
5647
10064
14405
8231
14789
13448
12823
19361
4414
7723
7821
6441
17609
6574
17272
13522
11886
16132
17934
6791
15057
13184
12117
11327
10271
13572
6980
8619
1682
18542
3524
7329
8607
17929
15560
19748
11378
4735
19109
12144
8811
6931
14937
2772
9857
12209
16294
18096
8341
14228
4887
19750
3765
17004
11078
14036
6928
14410
2655
8610
12953
2531
15940
1560
460
7852
1308
8190
8940
16769
16686
14103
52
11623
16875
9910
184
13169
8006
8525
3749
9245
8276
3866
6250
15706
17902
9530
6468
16909
18141
19421
19440
10433
17333
16253
14637
18641
795
3577
15411
17482
14032
15463
9105
10907
1725
5642
428
6083
14167
4178
11681
18795
8044
17931
10853
2299
3813
17322
15560
1954
13095
11353
12387
10429
3958
3377
9070
4753
6954
833
2235
17339
12649
7693
8246
10726
13335
5027
13162
3854
9205
4843
2650
13601
19126
9855
12252
2939
7177
4165
4894
273
15518
13633
10702
19476
17010
16124
4229
317
13310
2817
17656
2311
10510
2254
9389
197
7281
2551
4051
12838
7394
3053
2792
6520
12909
15044
9460
16438
19209
10706
16711
11079
691
3765
6907
14054
16242
11137
10723
9552
10306
8379
8215
17168
6985
17604
17365
14267
156
17768
7105
3902
822
9897
6775
10083
1294
12587
6521
16855
3293
19585
7935
336
3350
14842
14390
19592
2331
5113
5496
12637
9844
13711
9805
16830
11316
3522
11097
7824
1291
14554
11726
18465
804
18501
4900
2098
11088
11421
18953
10733
11006
3240
11070
10709
18083
1812
10301
414
6926
15798
9404
16770
5861
19209
9952
17177
19084
17401
5001
375
11956
13080
15192
9112
11581
92
7562
2670
7865
2867
9755
18872
6108
825
5933
4191
2638
16234
957
5916
8384
10361
19038
10598
5923
8991
7775
5007
6392
9129
1734
14700
2209
13278
3812
10142
13370
7726
9164
17587
10594
18920
12811
16702
16097
18744
17245
18735
11331
14554
4651
16067
1268
3690
6665
7191
9033
10793
8550
15425
19922
6636
6478
18483
19914
6642
4977
9636
14369
14142
7223
1315
9414
35
18017
5511
18779
11614
4247
10110
2520
5250
6178
3788
5292
9195
7331
14325
19988
15881
6103
19910
18869
8933
14745
18783
15575
16075
4771
6296
10217
11995
7611
19631
8382
1980
1494
7161
9946
2093
13624
12467
7344
16154
16255
8988
5349
19939
19666
5338
12172
2121
1600
11042
11054
12698
6177
2981
8773
10949
9278
15342
2944
16889
11325
7678
15222
12819
11191
5168
14913
1167
17635
18609
17321
10243
7597
19023
10182
7263
713
2354
5736
18665
13396
16790
7715
19574
19772
16488
6875
9050
8182
6171
2291
19507
13849
17513
8679
5040
2682
3592
6208
16669
2201
19881
6912
6150
18904
17094
9766
15969
15801
15502
10987
5549
12293
18702
5123
8417
11543
8350
13819
19725
14521
12462
19233
8370
9976
7912
13411
9010
7856
15971
5679
6409
15852
8944
12559
11109
2390
18677
3430
18191
14180
14417
3741
2825
13120
5216
7594
4663
13567
1413
4388
8088
13875
19973
12811
203
7885
2574
9213
12093
18545
11245
18502
10749
16541
7414
18210
18931
6091
1641
13475
16623
16058
17216
19448
9178
18784
7042
10193
8703
4807
14582
16792
18683
14555
5955
15238
18793
8529
804
7238
3426
12049
5741
14175
8590
13155
8738
3873
15598
10379
17348
12222
6437
10916
8022
11968
9701
11417
2161
18404
16224
13095
11548
11259
4003
17503
2850
2796
2384
3654
6386
5810
12055
12127
16338
645
1634
5076
870
13585
11807
18219
5807
18244
9135
10181
6564
15188
1598
5078
13593
14175
18173
1493
1786
2176
18997
4636
1324
17733
4642
7711
3544
16697
19838
16234
13694
17825
17662
14565
11410
9469
12784
13569
4065
18271
3750
10630
13460
1701
15708
3405
15876
10233
4898
14014
12410
247
15003
13734
17981
19645
1445
17877
16343
17636
14111
10037
11813
8125
4602
3223
17594
13738
13144
18011
12010
16894
8641
5470
18595
701
8875
10823
10935
10125
4838
3345
10373
19841
13431
8354
19486
11229
6231
12181
8865
16694
2219
17030
4819
3173
16605
18765
16912
9749
16776
5274
6643
1770
7096
1591
18823
12323
12414
9758
2448
13604
9455
12821
9797
19239
17527
9284
10468
110
17817
15685
16804
16388
12715
17975
19562
9320
13092
12826
19069
6221
18100
2064
7991
5196
7
6814
17519
12422
12925
16319
2378
18732
9141
12176
17971
6668
17812
8439
6779
15629
476
19935
12018
13191
14263
11580
18863
7355
758
17932
13576
18858
16349
17919
406
16356
1086
17925
5130
10363
14244
7509
9095
19737
19685
7067
2758
17497
11858
5889
13126
12335
5824
1496
1878
16439
9428
742
147
10186
15026
10075
5396
7727
7995
5802
4084
5433
79
5566
15796
10676
13075
4891
10413
12760
8310
9523
6609
16521
15412
16088
5208
17589
17584
7086
14028
3365
4180
14175
13551
19207
603
18948
6934
8598
4750
7370
10383
1182
12937
6179
11858
6012
7422
2271
15125
12085
8147
18086
4958
3559
14174
10166
17500
8111
13604
7881
11476
17785
2056
1379
13344
19011
327
278
7609
1430
7649
14344
2612
16938
523
10822
2950
4298
13093
14427
12735
1240
12514
17693
1152
3040
4211
18652
11151
17815
6533
2627
15600
4942
4007
5296
3953
686
5575
7915
18468
9576
2259
17432
6514
19135
8254
5816
19785
17700
16596
12520
15292
9110
10213
16444
8502
14424
11449
19654
8591
14334
18633
544
19276
18992
5840
19582
16031
7767
3849
10851
17343
6108
8284
209
1595
12890
2378
1380
6942
18974
10252
2235
4436
465
15031
9290
11241
2832
8944
16185
17167
7578
16729
12795
2922
18921
12377
18953
6689
12578
9805
384
15039
14441
16946
16634
7331
19324
14367
14274
14650
4619
12861
15438
1437
7892
4728
9030
10725
10025
5215
4244
17603
18296
17039
16877
17218
5769
15831
259
18347
1988
643
9738
16429
17589
6373
112
13265
17092
10738
7915
1711
3599
19705
19500
7844
4434
8531
14921
14459
10098
19165
8414
4747
12556
1643
1965
18325
17474
2224
13025
15814
19219
2763
12243
16809
5488
8708
10074
2580
19446
14342
644
19398
14047
144
7242
14833
5027
2163
5644
15126
17680
14058
16225
6588
15702
18190
1266
9528
16766
14291
5343
15985
13406
13938
9146
15247
2646
19221
17827
18445
9915
14823
17843
3962
11320
5085
15148
16347
3600
792
7825
17632
11203
4050
4220
6905
18592
5486
12785
15358
16129
14480
7696
5888
8419
16842
1135
7417
12415
15314
5862
18682
10138
57
18997
17810
5142
14145
14157
5094
14937
18335
19078
6140
2385
3299
9397
17330
5137
18535
9040
1267
13015
16736
7155
17786
9931
4642
5204
18698
19956
7418
17381
6446
7476
16378
4256
8970
10523
14766
10417
1812
13101
9495
7953
11838
12794
13702
9168
14284
12237
14561
15551
5253
11297
19058
3039
17580
52
4595
16279
16360
8366
13660
19159
15842
6390
3415
4812
16913
14533
15229
18725
3986
1077
3030
12177
13871
13085
17697
4507
5322
12258
16410
6927
19908
11820
9967
17488
11872
10914
13767
8233
19280
3779
7392
11474
10169
7159
12639
3434
18045
4220
18512
2031
5297
1542
14208
15521
14627
11906
28
16302
516
16439
3229
424
8259
9548
17913
132
463
8032
4717
16095
11812
8461
7570
18333
15620
209
1768
10017
4429
280
12049
9727
18174
2609
5248
12802
10867
5276
5456
11384
18067
8685
11808
6327
18234
6073
2811
18697
14106
7528
11144
5918
15989
18714
603
7961
18923
2371
17979
3353
2651
6380
9432
17178
8989
14680
6332
19857
16308
11788
7593
14376
473
15753
17055
18707
1827
19866
13756
15933
7394
4901
18203
19735
19967
18806
7696
18891
17530
5675
18596
16533
12055
4380
13711
17397
15412
43
13606
8072
11831
1199
2448
8657
16952
15855
7364
18779
15721
17473
11064
3115
18726
9267
2850
15045
4426
6899
10288
1956
12574
8884
18489
982
9616
12201
18379
5028
12244
11985
13101
428
9536
11901
9085
6488
7757
12801
1620
3478
6626
9036
2946
1704
14656
2148
16750
19082
9047
7038
17390
1622
12275
15879
18956
1891
4432
17335
3272
13029
5672
16373
13457
15208
8274
18894
18048
12383
11695
19668
15862
18322
5057
15160
16378
19713
17308
13128
18795
6356
167
16185
4330
12442
8416
19638
10685
12849
16973
13957
2230
18997
10330
15687
14205
14957
10933
12253
3692
2628
8274
15906
17302
13331
11066
13681
13044
8375
3161
8191
11083
3328
728
11765
12122
9144
11403
2808
18345
4728
16765
575
3725
3448
12614
14282
14757
3547
2887
18449
2528
11161
14356
16182
844
1774
6215
10240
10149
9377
18431
17584
9057
15511
5701
1180
4656
17104
340
19353
18184
13457
19929
18261
16905
12543
12543
8014
12443
15431
2816
14971
2944
13524
7505
141
15298
13721
10381
1800
3098
5165
15736
8507
676
1438
9687
1684
14894
10027
1038
13079
3485
967
7692
16742
9862
236
1109
18657
12019
3925
9980
11315
13801
17486
11456
9099
7559
18190
7251
7009
19707
2988
15516
383
4426
5204
18420
19320
11583
19458
8751
15068
16777
16444
8163
2991
13032
5624
1649
1403
9549
11629
9070
19702
5467
16879
8801
13026
15069
16053
35
11128
19041
15552
7863
19819
17108
6283
15491
8691
5741
4243
112
18870
17039
4627
1862
6423
10251
19863
4178
16152
11492
13248
15854
13312
6479
4655
6338
1548
17060
2726
9028
12453
18278
16892
12272
11738
3175
7764
429
5269
8359
16893
4139
1750
1520
2353
4525
8123
2216
8703
4275
10061
18303
129
3373
4783
1137
9711
2683
18197
12437
11712
7003
7067
4956
19275
18805
8131
3391
15587
9752
8102
8832
13892
6204
10353
16245
10729
18476
14814
15784
19104
4875
10440
19233
8248
15223
16722
17959
14258
14920
6749
2322
18275
13816
7278
13902
8974
11762
17294
913
1514
1748
9745
11758
7953
16450
4356
15034
11279
19170
10819
10383
4045
1259
9616
12293
12834
6339
6604
3444
17611
9705
5767
12238
3522
13045
6140
8848
1159
3434
9761
2674
1535
19506
14432
9488
12309
18788
4522
3588
17958
11693
13971
18355
9304
19939
7000
2138
2630
13605
5583
241
3310
7702
12479
3184
17099
14972
8384
18259
18406
14497
933
19941
10356
15365
5781
2665
10506
6656
6253
4816
18349
224
3172
7654
163
10172
6144
2794
129
8079
19387
19792
15781
8219
2976
12881
3191
7713
11140
17949
2210
12073
14243
12566
3790
16376
15231
10648
3032
1484
15465
1382
18060
18637
5388
14576
5161
7884
13722
5291
15964
13109
5083
11745
17680
4411
4626
17223
12124
15766
11525
14335
4191
5768
6901
4334
2144
2133
14982
1529
19969
10447
19263
18030
9084
1003
8958
10598
8887
2680
15889
4851
12141
972
16597
9822
5383
1223
3397
17508
13342
14922
11843
13885
17042
15096
18219
15539
13581
13202
17068
13551
3649
12683
7933
9086
13686
13243
19684
2573
15923
11925
7425
8064
12897
4022
14238
14632
1597
17636
12140
11291
8910
335
5177
5953
11784
3396
17844
5365
16598
14912
15268
16600
7595
19553
2038
17633
12796
18074
206
8719
9999
7631
16784
19248
8005
11022
13880
9603
5010
2373
894
13921
2708
2423
16226
14492
5820
14070
16210
18770
5334
11478
15370
9281
11032
13760
6914
180
8186
7120
8900
18185
11104
2036
17433
19109
9410
7666
5064
10773
10039
2311
1046
9099
4734
17272
3592
10554
7694
19802
9325
13028
7632
1047
18661
15016
11160
5575
15197
19346
9047
449
13884
151
18837
11317
15613
8247
15335
677
15372
5374
2988
16418
14474
7723
13690
14418
14629
1384
10572
306
10764
18204
17706
9425
9573
8866
11352
1122
8212
16752
1571
2096
16903
408
9766
8868
5007
5101
9546
380
6828
8886
13150
17654
12961
6841
12072
7591
4577
2644
7897
11694
17200
1955
17471
6773
10821
8824
7895
15386
5576
5818
13834
18831
2578
3600
7700
3938
5054
17246
4318
8234
2484
13820
5888
15446
661
17960
3037
1591
16956
7286
13285
10508
9242
10756
13634
16415
15932
17881
11801
17860
3700
5636
16692
6278
5588
4392
6568
6994
17990
7238
15228
474
1059
1116
12272
1720
15428
15309
19663
12384
18948
9300
19245
4542
16409
12879
957
12341
10760
9111
10202
14460
14747
3246
17091
16687
3990
3659
3682
1980
10898
18910
18806
11957
16379
11079
10029
8159
2740
6045
16896
18040
15345
16141
18934
8106
9020
19892
16800
19780
9003
7002
10593
102
6600
7684
16789
10590
7695
16823
8922
14945
15734
4080
3254
8465
11511
9636
16624
14252
15681
9872
8644
7378
6013
7579
15485
11385
3823
12285
11166
9178
15639
1759
9280
2239
5795
2421
9181
9842
19245
18103
4788
11331
2183
4394
16148
13695
14030
9124
4299
9711
18997
9295
17090
1362
16874
8927
12748
17049
1212
3914
6227
16851
2025
11859
15442
4172
10633
4623
10366
9878
2726
11506
17561
1261
15901
13709
14956
9931
2833
15607
15995
18182
4903
9437
19545
18129
18364
12293
15179
19576
12559
17758
12779
14584
9618
4573
15108
251
5548
5474
6481
8274
16981
4042
5887
9234
14103
844
19165
16936
12803
11512
11471
17706
949
11016
15836
19313
3309
7367
15241
15868
5125
4372
6804
14743
8945
18264
11346
14493
3738
17827
19119
17071
18221
5007
6305
12324
2203
1823
5613
15006
13335
17084
9065
14285
4452
4901
13598
7761
12268
5192
19981
17393
9564
3137
8489
18510
1401
16187
9355
1491
10367
8475
18563
8588
9834
1220
17265
8389
3043
19230
3395
12731
12666
12460
7016
17118
13713
16966
1231
2333
18510
17564
16079
8075
701
4568
2937
18454
17107
12292
19945
7474
17119
18508
12415
3305
16081
9680
11694
19124
8910
11442
8207
17928
254
11575
15046
10320
4894
16277
12653
3404
13841
8732
11479
10894
9652
10768
9348
6760
19413
9293
14234
12884
4154
6649
16190
235
12681
4236
15711
17943
15678
3919
15871
12285
15494
7269
2605
388
3546
15258
3793
13739
343
11624
985
9995
2393
10333
13107
18158
15979
3694
11042
16485
6695
7232
16720
19377
11469
12431
13672
3499
12702
5896
15784
8197
13165
18389
4937
13064
10000
5082
3155
10343
16707
4141
16690
15452
10826
6150
13610
3157
9844
4652
19642
16539
8237
16362
12268
16058
5146
5941
19557
14200
11837
11694
2397
1354
6435
3687
14418
12787
8769
17574
3130
5476
18067
16173
17280
8893
2323
10890
8403
12167
11895
8045
5058
132
760
17327
12542
2258
19620
12099
16458
11457
145
15208
9163
6581
18895
3582
19368
7664
1156
18851
13141
15575
11376
6773
820
13699
17664
9223
2218
5911
17269
3628
2395
14381
955
14937
16639
575
3388
9449
8384
3534
4657
17548
6467
3552
17482
2187
11217
14990
17390
710
10565
8766
7483
11385
18817
1499
609
17387
7410
14230
1016
6157
4963
18323
1094
1602
15251
4483
11051
3635
4369
12061
17535
10836
15613
11369
9375
6830
6359
3118
3892
16924
11884
7728
4662
7054
9227
1623
793
12990
12205
18161
19147
17168
16485
16594
15122
11736
1077
2525
11723
1798
14586
5611
8986
10200
16980
18361
13382
3340
1479
13627
16616
9716
1355
17630
13122
10582
19253
10267
19924
7810
8429
15424
4978
4914
12018
100
13002
9447
18978
4725
11245
13564
6688
231
116
3669
14944
9851
3361
16424
3478
16329
2492
1185
13960
15614
8119
9565
5881
8044
17376
10662
19820
2354
15576
11838
18807
4930
17637
17785
9656
8882
7701
16344
5465
4170
16365
409
10373
19726
13185
10203
16056
15677
11388
6368
7643
19507
15933
9877
3903
13309
539
3723
15664
12468
11913
10823
17398
9550
4960
3406
14784
12661
16103
249
13183
8820
17011
3556
8547
10196
13759
955
2226
1499
7323
9869
1007
3256
16098
1262
16566
12990
4986
8582
1810
16899
19405
15560
2802
4365
18967
17586
13378
11422
14188
2914
242
11199
6470
5141
1395
16582
2448
3621
14433
9771
9843
15440
9380
2293
13055
2298
15283
18041
10880
13445
11292
6637
9006
10446
7354
4325
8033
732
15747
2221
19998
12341
13420
2821
13835
11167
19403
16283
11141
13836
2407
984
5629
11787
3277
18684
10437
14913
13077
1317
8358
721
4306
17364
11168
11660
1689
15553
8744
13788
17774
8743
6130
7546
11564
16317
15065
7319
12600
6206
17507
15007
7190
19488
3146
6820
14524
13583
18085
7601
11252
6443
8323
15558
160
15843
7218
18201
11396
15963
11990
5522
1058
14472
9420
12622
10789
4485
19941
19741
10692
13800
14749
14234
13289
17895
17406
7813
7831
15491
11767
19083
18287
16442
14642
18447
12285
1860
13000
3681
14175
1342
5555
15233
15814
14975
4207
2955
19460
4148
19049
6504
14301
13798
17091
7590
8045
10849
11755
15876
6341
3522
14960
4628
19964
9602
19427
8601
7814
12427
12282
18342
13770
14189
13575
5936
9164
17783
5244
4977
18283
4293
7833
12584
14443
4924
16526
2488
15774
4634
14717
18467
8156
6029
19447
4473
11983
18874
13074
19797
7653
1709
18139
17775
15898
8067
64
5063
2202
5308
10040
485
5953
14225
9422
396
19150
2300
19236
11276
6934
10305
9743
11443
16334
9190
15916
8317
4416
8990
4467
12069
10699
18958
6197
2950
7025
6261
8013
9227
7921
14405
6065
13874
8630
11839
10622
4132
10491
9858
15408
17426
16516
5151
5221
12850
10693
1137
1168
15109
6479
5635
3531
17179
4593
9728
129
7971
12341
4494
13550
262
15251
19615
10488
233
7806
1110
4366
18298
7320
16126
12076
3836
17630
17297
16687
8323
14786
14207
19785
1265
16194
3316
14796
17139
9396
11277
5110
18089
15771
15013
18351
7374
10980
8839
7608
18787
6301
8326
13437
13621
4452
1865
13810
2082
19162
10497
6758
10300
1056
6543
11565
17250
6211
6362
10741
11959
17639
15852
10048
9763
7217
4751
17137
18197
9942
1097
16984
16243
9423
6773
6216
10228
8638
26
8662
4152
6875
15420
14452
7931
1963
6018
1533
4526
8732
12275
16485
6371
4479
2885
16134
11696
7636
9624
9893
13930
10721
3230
6525
16497
10003
12742
6725
14994
9120
15387
19146
15996
7160
9951
279
9123
12321
18165
10002
1053
10440
2839
3776
11271
5725
16263
2967
9713
2239
9212
19996
12960
12442
6521
5809
18798
15615
8886
13792
4736
4274
9290
17084
11434
19241
17363
16909
7914
15528
3263
5319
2320
6103
9096
13591
8180
1711
12910
17893
3950
2123
17889
16910
14565
763
19072
9715
16378
7958
3507
1114
8584
9150
14550
16370
8391
8266
13280
12658
146
12895
17977
2467
18998
7073
12410
7178
8784
5321
1424
9086
7444
15665
2349
18361
16428
1421
8077
12807
9379
7936
10273
17964
17086
4824
14334
1830
13090
3966
14488
13236
13214
12465
12055
12212
15891
4466
15743
1027
9787
13519
10114
13583
9184
12463
11944
5613
10236
21
18420
19615
4310
8693
13931
1396
9869
4618
3226
2959
4936
17714
12548
14502
6532
4603
3067
18775
9069
18810
19802
15208
8681
6268
8791
17865
15083
17088
19830
5319
13461
18250
1287
17771
3296
11570
19168
9517
12540
18746
12477
13829
12813
5025
8331
19345
5980
11398
14472
11402
6560
10626
6610
15241
16895
11754
13107
8330
5194
9289
10002
18655
3892
11289
16427
7188
19211
11947
13057
11752
10693
5534
1933
19858
6911
10264
15555
12892
1663
10027
4294
4575
654
7256
19817
13901
15362
9276
2231
556
18565
12233
15564
2457
19874
8343
5997
15438
16642
19055
3542
3687
941
5475
3546
7853
15739
19101
17097
13754
9129
17743
18330
9783
4999
18147
36
16714
3775
2267
13622
2340
10853
9186
4798
7079
17529
7147
2517
14171
6202
6059
17859
7144
7886
17757
11349
3626
16858
8446
17380
5987
6189
12062
12122
7540
10209
8510
4254
13984
10778
14229
12677
17983
3415
13827
1414
17297
974
284
7820
3529
6343
2031
7025
14230
19788
18374
14208
16647
3172
7940
18986
9361
3
7461
13253
6564
15971
13860
16901
3101
8089
9578
17436
7856
19757
18851
5153
731
19135
9326
612
1830
11357
7637
12412
11146
2363
2972
4145
5535
10913
19483
14896
7268
6944
4502
13832
19268
18362
7085
2369
6451
16663
16158
14307
12772
15009
15813
9856
10496
5139
10468
8678
16496
14458
17443
3994
16821
415
4491
2357
7680
327
13605
14948
7271
18107
8781
2891
16469
15866
1613
19272
8882
17771
9932
1654
9132
5745
7862
15980
10884
18331
4658
3732
12789
18453
4079
5962
18869
4922
8319
6549
5249
1925
1498
8873
16384
6631
11764
9206
18849
13377
8478
7731
7500
18410
5738
12984
507
13600
8964
7743
8283
9975
11476
17424
8428
11907
3387
7297
16829
11706
10199
2079
9983
11697
10952
6368
14680
19068
11926
13529
8798
404
17613
16298
15167
19703
9283
15674
9655
18247
3418
17939
4574
11246
15363
13003
3153
15102
16652
16334
6809
6851
18413
13144
14900
5717
15864
9580
4786
7790
3110
13584
4547
723
6234
19714
16778
15517
15388
6433
10117
15158
4372
14691
6404
16088
4046
5909
11190
699
2244
14351
7550
657
3848
18803
2727
19712
8383
3865
3855
11493
17449
8402
8568
35
4468
5346
11905
16208
8132
2022
11367
12504
13065
14123
4944
13464
33
16135
14163
2277
6838
18065
19286
10686
16868
2013
6751
1604
5878
10606
9449
19679
15360
14370
16067
16180
16068
7972
12388
4200
9994
3755
16705
19411
17879
1649
12875
17912
14136
3390
16541
975
17808
15827
11661
11028
14193
18412
12632
16423
5370
18434
12455
17082
12804
8522
13262
8872
16494
5651
13073
2840
5758
9778
2251
19989
7779
11479
14253
18268
11221
10794
19243
5381
6622
7256
16410
17167
5669
5394
13590
7391
3828
6045
4474
16632
10919
14088
5505
7413
19739
14930
10253
5498
1060
8857
5487
8839
16688
19741
7107
4261
6887
2702
9643
9861
9959
6053
7028
11980
7799
16971
19371
11628
19368
197
4612
10288
14286
10117
14053
10377
5047
659
12227
6107
5868
14067
11299
2556
13808
14758
6817
17047
17461
16460
6909
3772
18865
10289
15752
6665
7260
11475
18293
6629
8025
19257
13269
18663
9375
7322
9040
10774
7981
1268
13234
10201
15335
885
12757
5495
15643
15927
2542
9456
8739
5803
13228
3957
16093
5332
10622
3353
13160
5267
6334
17537
4524
15955
16200
10251
3278
5240
1026
7611
2860
10612
17813
14547
11497
6922
16394
3492
19201
15289
12949
7941
1092
2529
11898
17185
4214
18872
16891
17374
491
19577
14911
5015
15533
7463
15267
15163
9055
12645
2774
11916
19609
16939
2815
11106
214
19210
10950
19415
14499
3899
3708
11943
2781
11958
9129
6995
10830
2372
721
11321
18301
11984
12689
13834
19447
4308
5349
8502
13305
8124
418
12914
1415
19586
372
17981
18796
11322
17397
9647
11574
17457
1590
10707
9416
7071
17702
16598
5795
14775
4272
4097
6759
13313
14283
6206
17621
19633
14708
10926
4109
11479
192
5524
11065
16916
3506
6213
4590
17255
15860
16164
11064
13802
6871
480
874
925
13431
6669
15700
14055
10766
2459
7368
1402
5017
4989
1035
19726
12267
5144
7557
8811
7020
18622
5727
6878
1187
10317
4133
13399
2834
15198
7201
6057
12030
8075
3335
1813
11097
19035
15868
18215
17847
3236
19617
2864
4577
652
18942
13196
5796
6499
2007
9169
1473
4086
16047
2660
10756
16533
16059
9942
8083
19613
15999
113
7688
15686
18279
15137
11074
14147
13353
8921
13736
12970
8137
18313
13623
3432
7862
15771
6283
9869
4940
7757
10308
17340
6769
1064
13873
2829
11006
1956
2442
3357
18421
6482
19044
16700
1620
10118
7200
11325
15391
936
4295
19880
15601
14270
3312
19815
6394
9596
9685
7686
13705
19993
5026
474
17409
18899
19655
8415
855
2097
8124
15629
4932
7168
12329
2904
13638
15881
14229
9029
13169
14876
8910
5123
9147
8574
4938
11893
14522
14623
19579
8227
10968
4606
8702
4729
19857
8357
9496
713
6807
17621
16342
8091
1141
5023
10995
14780
905
1576
3809
14074
16452
9071
19197
1951
13998
4136
13844
8520
15111
9776
13100
2432
10734
18154
3513
10591
6511
13010
11304
9670
10631
3998
17761
11772
9022
5108
2904
6279
3036
6714
16705
19489
12137
15903
17792
6135
16391
7989
11008
7854
14117
4108
6638
4851
2262
10152
15442
5125
3162
3099
11148
10145
7097
5261
18269
12471
6722
1174
15102
9758
4240
11808
5599
12729
4063
3392
15217
16806
7733
6225
4660
1850
6685
7651
6701
5299
17803
18495
6776
17317
1594
17924
3814
8692
19538
2083
17515
6260
19609
12618
16018
201
4426
1618
12931
8489
1362
8148
1647
5447
14373
6307
3649
17410
10310
6702
19061
4465
5197
5837
1782
6792
114
1948
15484
19652
384
9351
5912
19993
1969
18282
16547
2747
16252
9478
7588
13966
17626
9235
19413
8351
11895
19414
5761
2205
6116
1174
6671
11314
7011
4805
18106
3477
6754
9942
19481
3490
19293
5393
19835
17615
28
16382
362
16280
5860
7951
6599
3486
13538
6012
11837
5433
5427
13950
7639
11543
15124
10662
19209
18488
15467
17315
18317
18573
7257
17799
2063
6551
19544
1899
518
19572
18281
880
12205
4142
5183
18804
3980
18722
1168
12170
4155
6595
2472
8146
14491
13949
18808
13700
12437
14276
7368
7106
12849
14625
4905
11265
17528
4450
13164
18046
374
7797
15279
12579
8291
462
11383
12272
19184
12552
4442
19692
15499
6914
7838
6342
863
2999
16395
9652
17275
3763
13111
6476
14740
18016
17741
12269
18818
7257
6667
19193
15055
1946
11772
3346
18761
3156
11970
14297
12060
12764
13989
7559
16031
18180
10254
13246
17531
6649
2899
14806
10412
16010
17634
1504
10378
11728
13773
9197
15337
16793
8390
10392
15091
162
10091
13852
19670
18413
4502
8082
11178
14843
15642
7209
13023
2248
455
10554
8897
19706
1712
15661
12068
15699
17165
18799
3779
7291
7996
19116
4084
16386
5861
15527
12900
12304
9380
8923
10717
13882
17005
1895
8725
8999
5456
18101
11247
5912
5007
16496
1970
3072
12157
14039
15123
9323
12838
18902
12966
17186
18018
17050
9924
231
12577
19176
12535
18309
8099
3253
8543
1457
1500
13621
10456
6957
8074
1704
9221
13081
14552
11191
12505
6710
1582
7628
12385
10772
6530
5351
7958
901
18753
14234
17484
7682
13411
10020
2344
1510
9625
10887
2967
11125
860
13424
14434
8934
11480
3655
2016
2384
11199
10873
9094
9133
18502
17831
19906
1384
19534
4216
18637
18287
18451
16122
2322
11862
2494
4666
13372
12119
11905
12692
19596
12766
2468
10383
18052
10300
10390
68
12684
1589
7294
18131
10723
5796
15962
6981
3532
15497
11197
2170
10136
9648
14644
12458
17862
17138
13476
7587
5609
5382
279
1557
14500
2747
11940
12552
9399
18683
8973
2083
16624
16267
214
3699
18415
12529
10680
18299
8026
18230
16821
18162
4230
11465
6973
2093
4955
449
9680
6916
2183
9959
4826
13035
9058
13118
1940
18457
11801
10913
16892
8426
3532
13459
12125
18299
5988
19158
12950
14014
