0
1
3
7
9
11
12
21
24
26
27
28
28
28
31
33
35
35
35
35
36
40
42
42
43
52
52
57
59
64
64
65
65
68
69
71
74
77
79
79
81
84
88
89
92
94
94
95
99
100
102
102
106
106
110
111
112
112
112
113
114
116
118
120
122
125
125
126
126
126
128
129
129
129
132
132
133
134
140
141
144
144
145
146
147
151
151
154
155
156
157
159
160
162
163
167
167
173
174
174
174
176
180
181
184
190
191
192
195
197
197
197
197
201
201
201
202
203
204
206
207
209
209
210
210
211
211
214
214
216
218
220
220
224
225
225
228
229
229
231
231
233
234
235
236
239
241
242
243
245
247
249
250
251
254
256
257
259
262
263
264
271
272
273
273
278
279
279
280
282
282
284
293
295
298
301
302
306
313
313
314
317
317
319
324
327
327
328
331
335
336
339
340
343
346
346
350
351
352
362
363
363
364
367
368
370
372
372
373
374
374
375
377
380
382
383
384
384
385
386
387
388
396
398
402
402
404
404
405
406
408
409
412
414
415
415
418
418
420
424
425
428
428
429
432
438
438
439
445
447
448
449
449
449
455
459
460
460
461
462
462
463
465
468
473
473
474
474
475
476
480
481
481
485
485
491
491
495
502
504
507
514
516
518
521
523
525
528
534
535
538
539
544
554
555
556
560
560
561
571
575
575
576
577
585
587
594
595
599
602
603
603
605
606
606
606
606
607
609
610
612
612
615
623
631
633
637
641
641
643
644
645
645
652
652
654
654
655
655
657
659
661
664
672
672
673
676
676
677
679
681
681
682
683
686
691
696
698
699
700
701
701
704
704
708
710
713
713
713
714
715
718
720
721
721
723
728
728
730
731
732
734
737
739
740
742
747
749
753
757
758
760
763
765
770
772
773
773
775
780
780
782
785
791
791
791
792
793
795
804
804
805
805
808
813
814
820
821
822
823
823
825
827
833
842
844
844
849
853
855
858
860
861
862
862
863
866
869
870
874
875
876
876
876
878
880
881
885
888
894
894
895
901
905
906
912
913
916
916
922
925
926
927
932
933
933
933
936
941
943
946
949
955
955
957
957
959
967
969
972
972
974
975
982
984
985
992
1000
1003
1003
1007
1007
1011
1011
1013
1015
1016
1026
1027
1035
1038
1038
1038
1039
1040
1043
1046
1047
1053
1055
1056
1058
1059
1060
1061
1062
1064
1072
1077
1077
1077
1078
1081
1086
1087
1092
1092
1093
1094
1097
1102
1106
1108
1109
1109
1110
1111
1112
1114
1114
1116
1116
1117
1118
1122
1123
1126
1126
1129
1133
1134
1135
1137
1137
1141
1141
1145
1150
1152
1156
1156
1158
1159
1159
1161
1164
1165
1166
1167
1168
1168
1168
1170
1170
1174
1174
1176
1179
1180
1182
1185
1187
1187
1188
1196
1196
1199
1199
1206
1206
1210
1212
1212
1219
1220
1221
1222
1223
1226
1229
1229
1229
1230
1231
1232
1232
1233
1238
1240
1246
1249
1250
1251
1251
1253
1256
1259
1261
1261
1261
1262
1262
1265
1266
1267
1268
1268
1272
1272
1272
1283
1283
1287
1287
1290
1291
1293
1294
1294
1298
1300
1300
1308
1308
1315
1316
1317
1318
1324
1326
1331
1334
1334
1337
1340
1340
1341
1342
1342
1344
1346
1348
1352
1352
1354
1355
1356
1357
1358
1359
1362
1362
1371
1374
1374
1375
1376
1379
1379
1380
1380
1382
1384
1384
1384
1387
1387
1389
1389
1391
1394
1395
1396
1401
1402
1403
1406
1406
1408
1410
1413
1413
1413
1414
1415
1421
1424
1429
1430
1430
1432
1434
1434
1435
1437
1438
1439
1439
1440
1444
1445
1446
1453
1453
1455
1455
1457
1462
1463
1473
1474
1479
1480
1484
1484
1487
1491
1493
1494
1495
1496
1496
1497
1498
1499
1499
1500
1504
1510
1514
1515
1520
1520
1521
1529
1529
1533
1535
1540
1542
1543
1547
1548
1548
1550
1555
1555
1557
1560
1571
1571
1575
1576
1576
1579
1579
1582
1584
1588
1589
1590
1591
1591
1593
1594
1594
1595
1597
1598
1598
1599
1600
1600
1602
1604
1606
1610
1612
1613
1616
1617
1618
1620
1620
1622
1622
1623
1632
1634
1635
1638
1641
1643
1647
1648
1649
1649
1649
1653
1654
1655
1658
1661
1662
1663
1664
1667
1674
1676
1682
1684
1684
1684
1688
1689
1690
1690
1691
1691
1691
1693
1700
1701
1704
1704
1706
1706
1708
1709
1711
1711
1712
1712
1713
1720
1722
1724
1725
1731
1734
1742
1748
1750
1750
1754
1755
1755
1759
1764
1765
1767
1768
1769
1770
1771
1774
1775
1777
1778
1778
1778
1779
1781
1782
1786
1786
1792
1798
1800
1803
1805
1806
1806
1806
1808
1810
1812
1812
1812
1813
1815
1819
1823
1825
1827
1830
1830
1832
1833
1836
1838
1839
1840
1842
1843
1848
1850
1860
1861
1861
1862
1865
1866
1870
1870
1871
1878
1883
1885
1888
1891
1892
1893
1895
1896
1899
1900
1904
1909
1909
1915
1915
1916
1918
1922
1925
1926
1929
1933
1934
1938
1940
1944
1946
1947
1948
1951
1954
1955
1956
1956
1963
1965
1965
1969
1970
1970
1971
1974
1974
1975
1978
1979
1980
1980
1981
1988
1991
1991
1992
1996
1996
1998
1999
2004
2005
2005
2007
2008
2013
2014
2016
2017
2020
2020
2022
2025
2025
2029
2031
2031
2031
2031
2036
2037
2038
2038
2040
2045
2046
2046
2055
2056
2063
2064
2068
2069
2069
2079
2079
2080
2080
2082
2082
2083
2083
2092
2093
2093
2096
2096
2097
2098
2100
2100
2101
2102
2104
2105
2109
2121
2123
2130
2133
2135
2138
2138
2138
2140
2144
2144
2148
2157
2161
2163
2164
2165
2165
2166
2168
2170
2170
2170
2174
2176
2176
2179
2183
2183
2183
2185
2187
2201
2202
2202
2203
2203
2205
2206
2209
2210
2213
2213
2216
2218
2219
2220
2221
2221
2224
2226
2230
2231
2235
2235
2237
2239
2239
2242
2244
2244
2247
2248
2250
2250
2250
2251
2254
2258
2259
2260
2261
2262
2264
2267
2269
2271
2271
2273
2274
2275
2275
2277
2278
2282
2283
2291
2293
2298
2298
2299
2300
2300
2302
2304
2311
2311
2313
2314
2315
2317
2318
2320
2322
2322
2322
2323
2325
2325
2328
2331
2331
2331
2332
2333
2333
2337
2340
2340
2344
2346
2349
2353
2354
2354
2354
2357
2363
2369
2371
2372
2372
2373
2378
2378
2384
2384
2385
2385
2385
2386
2387
2390
2393
2395
2396
2397
2398
2403
2406
2407
2410
2411
2419
2420
2421
2422
2423
2423
2427
2432
2436
2437
2439
2439
2442
2444
2447
2448
2448
2448
2453
2454
2457
2459
2460
2462
2462
2467
2467
2468
2472
2472
2472
2477
2477
2478
2480
2482
2483
2484
2487
2488
2492
2494
2496
2497
2499
2501
2503
2508
2509
2510
2511
2514
2517
2518
2519
2520
2525
2525
2528
2529
2531
2535
2535
2536
2537
2537
2539
2539
2542
2542
2542
2546
2547
2549
2551
2555
2556
2561
2562
2566
2569
2573
2574
2575
2578
2580
2582
2583
2586
2590
2594
2596
2597
2597
2599
2600
2603
2605
2607
2608
2609
2612
2615
2617
2621
2623
2626
2627
2628
2630
2632
2635
2637
2638
2640
2641
2644
2644
2645
2645
2646
2649
2650
2651
2652
2655
2657
2660
2665
2670
2670
2670
2671
2674
2674
2680
2682
2683
2688
2691
2693
2694
2696
2696
2698
2700
2702
2704
2708
2710
2718
2721
2726
2726
2727
2734
2740
2743
2746
2747
2747
2751
2752
2752
2758
2758
2763
2768
2768
2772
2773
2774
2774
2778
2780
2781
2788
2791
2792
2794
2796
2797
2802
2805
2808
2810
2811
2811
2815
2816
2817
2819
2821
2822
2823
2824
2825
2829
2832
2832
2833
2834
2834
2839
2839
2840
2845
2849
2850
2850
2860
2864
2866
2867
2870
2872
2873
2882
2885
2887
2891
2895
2898
2899
2904
2904
2906
2912
2912
2914
2918
2919
2921
2922
2922
2922
2926
2927
2931
2934
2937
2939
2943
2944
2944
2945
2946
2948
2949
2950
2950
2950
2950
2951
2951
2952
2955
2955
2959
2966
2967
2967
2968
2972
2972
2976
2976
2977
2978
2980
2980
2981
2988
2988
2988
2988
2991
2994
2995
2997
2998
2998
2998
2999
3001
3003
3015
3016
3016
3019
3021
3027
3028
3030
3031
3032
3036
3036
3037
3039
3040
3040
3043
3044
3049
3049
3053
3059
3061
3066
3067
3072
3076
3081
3082
3086
3086
3086
3086
3092
3097
3098
3098
3099
3101
3104
3105
3109
3110
3111
3112
3112
3115
3116
3118
3119
3121
3124
3130
3133
3133
3137
3141
3142
3146
3147
3148
3151
3153
3155
3156
3157
3157
3161
3162
3162
3168
3171
3172
3172
3173
3174
3175
3175
3180
3184
3187
3190
3191
3195
3195
3197
3198
3199
3202
3204
3208
3213
3213
3213
3215
3223
3225
3226
3227
3228
3229
3230
3230
3232
3236
3238
3240
3242
3243
3245
3246
3246
3253
3253
3254
3254
3256
3258
3263
3268
3272
3275
3277
3278
3279
3285
3293
3296
3298
3299
3305
3306
3309
3309
3310
3312
3312
3313
3313
3316
3320
3320
3324
3328
3329
3335
3338
3340
3341
3342
3343
3345
3346
3350
3352
3353
3353
3357
3358
3361
3362
3363
3364
3365
3365
3367
3367
3369
3372
3373
3377
3383
3384
3387
3387
3388
3388
3390
3390
3391
3392
3392
3395
3396
3396
3397
3397
3399
3399
3399
3399
3402
3404
3405
3406
3407
3413
3414
3415
3415
3418
3426
3430
3432
3433
3434
3434
3435
3436
3437
3439
3444
3448
3450
3452
3457
3457
3465
3467
3470
3477
3478
3478
3478
3479
3479
3481
3485
3486
3486
3489
3490
3492
3494
3496
3499
3504
3504
3506
3507
3507
3508
3510
3513
3514
3517
3519
3522
3522
3522
3524
3527
3528
3528
3529
3531
3532
3532
3534
3537
3542
3544
3545
3545
3546
3546
3546
3547
3549
3549
3549
3552
3552
3556
3556
3558
3559
3559
3566
3577
3582
3583
3586
3587
3588
3589
3591
3592
3592
3594
3597
3599
3600
3600
3600
3604
3611
3612
3613
3621
3621
3622
3626
3628
3635
3637
3647
3647
3648
3648
3649
3649
3654
3655
3656
3659
3664
3669
3671
3674
3677
3681
3682
3683
3687
3687
3689
3690
3692
3694
3699
3700
3707
3708
3718
3718
3721
3723
3724
3725
3727
3732
3732
3738
3739
3741
3746
3748
3749
3749
3750
3755
3762
3763
3765
3765
3765
3771
3772
3772
3775
3775
3776
3778
3779
3779
3785
3788
3790
3790
3793
3798
3799
3800
3801
3804
3804
3804
3804
3809
3812
3813
3814
3821
3823
3827
3828
3831
3835
3835
3836
3838
3839
3842
3846
3848
3849
3854
3854
3855
3858
3861
3862
3863
3865
3866
3869
3869
3871
3872
3873
3877
3883
3886
3890
3892
3892
3897
3899
3902
3903
3907
3912
3913
3914
3916
3917
3919
3921
3925
3927
3938
3939
3946
3949
3950
3953
3957
3958
3958
3961
3962
3962
3965
3966
3967
3969
3974
3977
3980
3982
3982
3985
3986
3987
3990
3992
3994
3998
3999
4003
4003
4007
4009
4013
4017
4020
4022
4029
4030
4033
4042
4043
4044
4044
4045
4046
4049
4050
4051
4051
4055
4057
4063
4063
4063
4063
4065
4072
4073
4079
4080
4084
4084
4086
4087
4088
4093
4094
4095
4097
4097
4108
4109
4109
4114
4115
4119
4121
4125
4132
4132
4133
4133
4135
4135
4136
4139
4140
4141
4142
4144
4145
4148
4148
4152
4152
4152
4154
4155
4159
4161
4162
4163
4165
4168
4170
4170
4172
4178
4178
4178
4180
4181
4191
4191
4196
4197
4198
4200
4207
4208
4210
4211
4212
4213
4214
4216
4217
4220
4220
4221
4221
4223
4229
4230
4236
4236
4237
4240
4243
4244
4244
4244
4245
4245
4246
4247
4247
4248
4254
4256
4257
4258
4258
4261
4261
4261
4261
4262
4262
4262
4263
4263
4266
4267
4272
4274
4275
4277
4280
4284
4293
4294
4295
4298
4299
4301
4303
4304
4306
4308
4308
4310
4318
4325
4330
4331
4332
4332
4334
4338
4340
4346
4349
4355
4355
4356
4357
4359
4365
4365
4366
4366
4368
4369
4369
4372
4372
4374
4376
4379
4380
4382
4386
4388
4391
4392
4394
4394
4398
4400
4401
4402
4406
4411
4411
4412
4414
4416
4418
4423
4423
4426
4426
4426
4427
4428
4429
4431
4431
4432
4433
4434
4436
4438
4438
4440
4440
4442
4443
4446
4448
4450
4450
4452
4452
4455
4457
4457
4457
4465
4465
4466
4466
4466
4467
4468
4468
4470
4472
4473
4474
4474
4479
4479
4481
4483
4483
4483
4485
4489
4491
4494
4496
4499
4499
4502
4502
4503
4507
4511
4511
4515
4522
4524
4525
4526
4531
4535
4536
4537
4539
4542
4542
4544
4546
4546
4546
4547
4549
4554
4554
4559
4559
4563
4567
4568
4573
4573
4574
4575
4575
4577
4577
4577
4579
4583
4583
4587
4589
4589
4590
4590
4592
4593
4595
4596
4599
4600
4602
4603
4606
4612
4612
4612
4612
4612
4613
4614
4614
4617
4618
4619
4621
4623
4625
4626
4627
4627
4628
4629
4632
4633
4634
4634
4636
4641
4642
4642
4643
4645
4651
4651
4652
4655
4656
4657
4658
4658
4660
4662
4662
4663
4663
4666
4669
4683
4684
4687
4688
4690
4695
4713
4713
4715
4717
4722
4724
4725
4727
4728
4728
4729
4730
4734
4735
4735
4736
4738
4744
4747
4748
4750
4751
4753
4757
4758
4761
4762
4765
4767
4771
4773
4774
4776
4781
4782
4783
4783
4784
4785
4786
4788
4788
4796
4798
4801
4804
4805
4807
4807
4807
4812
4816
4817
4819
4822
4824
4826
4828
4835
4835
4837
4838
4842
4843
4848
4849
4851
4851
4855
4861
4861
4862
4867
4869
4875
4878
4881
4887
4889
4890
4891
4891
4892
4894
4894
4898
4900
4901
4901
4901
4901
4903
4905
4906
4911
4911
4913
4913
4914
4914
4920
4922
4923
4924
4924
4925
4925
4930
4931
4932
4933
4936
4937
4938
4940
4942
4943
4943
4944
4949
4950
4953
4955
4956
4957
4958
4960
4963
4967
4968
4977
4977
4977
4978
4978
4982
4982
4982
4985
4985
4986
4986
4989
4991
4994
4996
4998
4999
5001
5007
5007
5007
5007
5010
5010
5010
5013
5015
5015
5017
5020
5023
5023
5024
5025
5025
5026
5027
5027
5028
5031
5035
5036
5038
5039
5040
5047
5047
5054
5057
5057
5058
5061
5063
5064
5065
5066
5076
5078
5082
5083
5084
5085
5086
5092
5093
5094
5095
5097
5101
5101
5103
5104
5107
5108
5110
5111
5113
5117
5123
5123
5125
5125
5129
5130
5135
5137
5139
5139
5141
5142
5143
5144
5146
5147
5149
5151
5151
5153
5153
5153
5158
5159
5161
5161
5164
5165
5166
5167
5168
5177
5178
5183
5185
5188
5190
5192
5192
5194
5196
5197
5199
5203
5204
5204
5205
5206
5208
5211
5215
5216
5218
5218
5221
5226
5229
5230
5240
5244
5248
5249
5250
5252
5253
5253
5256
5260
5261
5265
5265
5267
5268
5269
5269
5269
5274
5276
5279
5288
5290
5291
5291
5292
5292
5293
5295
5296
5297
5299
5302
5307
5308
5309
5312
5318
5319
5319
5320
5321
5322
5325
5327
5328
5331
5332
5334
5338
5338
5339
5343
5343
5343
5344
5344
5346
5348
5349
5349
5351
5352
5355
5362
5362
5365
5366
5369
5370
5374
5376
5379
5379
5379
5380
5381
5381
5382
5383
5388
5390
5391
5392
5393
5393
5394
5394
5396
5398
5404
5406
5407
5407
5408
5411
5419
5424
5425
5426
5427
5428
5433
5433
5434
5434
5438
5442
5442
5442
5447
5449
5455
5456
5456
5456
5460
5461
5463
5465
5465
5467
5467
5468
5468
5470
5473
5474
5475
5476
5476
5481
5484
5486
5486
5487
5488
5488
5495
5496
5498
5505
5505
5508
5510
5510
5511
5513
5514
5515
5522
5524
5531
5531
5531
5534
5534
5535
5540
5542
5544
5548
5549
5554
5555
5560
5560
5566
5569
5571
5573
5574
5575
5575
5576
5577
5578
5583
5588
5589
5591
5593
5595
5599
5599
5602
5603
5609
5610
5611
5613
5613
5613
5616
5623
5624
5629
5631
5632
5634
5635
5636
5636
5638
5641
5642
5642
5644
5647
5648
5648
5650
5651
5654
5664
5667
5669
5672
5674
5675
5675
5678
5679
5686
5687
5689
5690
5694
5701
5701
5710
5717
5720
5720
5723
5725
5727
5732
5733
5733
5736
5737
5738
5740
5741
5741
5742
5742
5745
5747
5749
5754
5756
5756
5756
5758
5758
5761
5761
5766
5767
5768
5769
5773
5773
5774
5781
5782
5784
5787
5791
5792
5795
5795
5795
5796
5796
5797
5802
5803
5807
5809
5810
5815
5816
5818
5820
5821
5824
5830
5832
5836
5837
5837
5838
5840
5843
5848
5850
5852
5856
5858
5860
5860
5861
5861
5862
5865
5868
5873
5874
5874
5878
5880
5880
5881
5885
5887
5888
5888
5889
5889
5891
5896
5902
5904
5909
5911
5911
5912
5912
5914
5916
5918
5923
5923
5927
5927
5931
5933
5934
5936
5938
5941
5943
5945
5946
5948
5948
5952
5953
5953
5955
5956
5962
5964
5964
5970
5980
5986
5986
5987
5988
5990
5990
5991
5991
5996
5997
5997
6008
6011
6012
6012
6013
6018
6018
6020
6025
6025
6026
6026
6027
6029
6035
6036
6036
6037
6038
6041
6041
6045
6045
6053
6054
6056
6057
6057
6058
6059
6059
6060
6065
6065
6073
6078
6079
6080
6081
6081
6082
6083
6084
6086
6088
6091
6101
6103
6103
6105
6106
6107
6107
6108
6108
6110
6111
6113
6116
6126
6127
6128
6128
6129
6130
6135
6135
6139
6140
6140
6144
6150
6150
6153
6157
6166
6169
6170
6170
6171
6173
6173
6173
6177
6178
6179
6179
6179
6180
6182
6186
6188
6188
6189
6194
6197
6202
6204
6206
6206
6208
6209
6210
6211
6211
6212
6213
6215
6215
6216
6219
6221
6221
6221
6222
6224
6225
6226
6227
6231
6231
6234
6250
6250
6253
6256
6258
6259
6260
6261
6262
6268
6269
6276
6276
6278
6278
6279
6282
6283
6283
6284
6285
6287
6288
6294
6296
6296
6297
6299
6301
6305
6307
6307
6319
6323
6327
6332
6332
6334
6338
6339
6341
6341
6342
6343
6346
6346
6349
6349
6350
6351
6356
6356
6359
6361
6362
6367
6368
6368
6368
6371
6373
6376
6378
6378
6379
6380
6380
6381
6386
6386
6387
6387
6387
6388
6388
6390
6391
6392
6392
6394
6397
6398
6404
6404
6406
6409
6415
6423
6431
6433
6434
6435
6435
6436
6437
6441
6443
6444
6446
6451
6452
6455
6456
6462
6462
6467
6468
6470
6473
6476
6476
6477
6478
6479
6479
6480
6481
6482
6485
6486
6486
6486
6488
6492
6492
6493
6498
6499
6501
6503
6504
6507
6511
6513
6514
6514
6520
6521
6521
6521
6522
6525
6528
6530
6530
6532
6532
6533
6533
6534
6538
6538
6541
6542
6542
6543
6543
6547
6549
6551
6551
6557
6559
6560
6561
6563
6564
6564
6564
6565
6566
6567
6567
6568
6570
6571
6574
6579
6581
6581
6581
6582
6588
6590
6591
6595
6597
6599
6600
6601
6602
6604
6609
6609
6610
6610
6612
6615
6617
6622
6625
6626
6628
6628
6629
6630
6631
6635
6635
6636
6637
6638
6638
6639
6642
6643
6643
6647
6647
6649
6649
6650
6650
6655
6656
6657
6665
6665
6667
6667
6668
6668
6669
6671
6676
6677
6679
6679
6681
6682
6685
6688
6689
6690
6695
6701
6702
6703
6704
6707
6709
6710
6711
6714
6714
6715
6715
6717
6722
6725
6727
6731
6734
6736
6740
6744
6746
6749
6751
6751
6754
6754
6758
6759
6760
6760
6761
6765
6765
6769
6772
6772
6773
6773
6773
6775
6776
6778
6779
6781
6789
6791
6792
6793
6798
6799
6803
6804
6807
6808
6809
6814
6814
6817
6820
6820
6822
6822
6827
6827
6828
6830
6830
6831
6834
6835
6838
6839
6841
6841
6845
6848
6848
6851
6859
6863
6871
6873
6875
6875
6875
6878
6883
6884
6887
6889
6892
6893
6893
6899
6900
6901
6902
6905
6905
6907
6907
6909
6911
6911
6912
6914
6914
6916
6919
6919
6919
6922
6926
6927
6928
6929
6931
6933
6934
6934
6941
6942
6943
6944
6945
6947
6954
6957
6964
6970
6971
6972
6972
6973
6974
6979
6980
6980
6981
6981
6985
6986
6990
6991
6994
6994
6995
7000
7000
7002
7003
7009
7011
7011
7016
7020
7020
7020
7021
7021
7022
7025
7025
7025
7026
7028
7029
7031
7036
7038
7038
7042
7049
7054
7057
7062
7065
7067
7067
7071
7073
7075
7079
7079
7081
7084
7085
7085
7085
7086
7088
7093
7096
7097
7100
7101
7105
7106
7106
7107
7110
7115
7116
7116
7118
7118
7119
7120
7121
7126
7127
7127
7130
7132
7137
7139
7140
7144
7144
7147
7149
7150
7151
7155
7156
7159
7160
7161
7162
7162
7166
7168
7172
7177
7178
7183
7184
7185
7188
7190
7191
7200
7201
7201
7205
7209
7211
7212
7217
7218
7222
7223
7224
7226
7227
7232
7238
7238
7238
7239
7242
7244
7247
7248
7249
7250
7251
7256
7256
7257
7257
7260
7263
7268
7269
7269
7270
7271
7271
7276
7278
7281
7281
7283
7286
7291
7294
7294
7295
7297
7297
7300
7301
7301
7303
7306
7312
7319
7320
7321
7322
7323
7327
7327
7328
7329
7329
7331
7331
7336
7339
7340
7340
7342
7344
7348
7354
7355
7355
7355
7355
7356
7357
7358
7360
7360
7362
7363
7364
7365
7367
7368
7368
7370
7372
7372
7372
7374
7377
7378
7383
7383
7384
7386
7387
7387
7388
7389
7391
7392
7394
7394
7395
7400
7410
7412
7412
7413
7414
7417
7417
7418
7421
7422
7425
7427
7429
7429
7436
7436
7439
7444
7447
7451
7452
7454
7454
7455
7457
7461
7463
7467
7470
7471
7474
7476
7478
7483
7485
7490
7500
7503
7505
7507
7509
7512
7514
7522
7525
7526
7528
7530
7537
7540
7541
7542
7544
7546
7549
7550
7550
7552
7556
7557
7557
7558
7559
7559
7561
7562
7563
7566
7570
7573
7578
7578
7579
7580
7587
7587
7588
7590
7591
7592
7593
7593
7594
7595
7595
7597
7597
7597
7601
7603
7603
7606
7608
7609
7609
7611
7611
7614
7617
7619
7620
7622
7625
7627
7628
7631
7631
7632
7632
7636
7637
7639
7643
7646
7648
7649
7651
7653
7654
7660
7661
7662
7663
7664
7665
7666
7669
7670
7672
7677
7678
7679
7680
7682
7684
7686
7687
7688
7689
7692
7693
7693
7694
7695
7696
7696
7697
7699
7700
7701
7702
7705
7706
7708
7709
7711
7713
7714
7715
7715
7717
7719
7719
7721
7723
7723
7723
7726
7727
7728
7729
7729
7731
7733
7734
7735
7743
7755
7756
7757
7757
7758
7760
7760
7761
7761
7764
7764
7765
7767
7768
7771
7775
7779
7782
7788
7790
7791
7793
7794
7797
7797
7799
7805
7806
7807
7809
7810
7813
7814
7816
7819
7820
7821
7823
7823
7824
7825
7826
7828
7829
7831
7831
7833
7833
7836
7838
7838
7839
7841
7844
7845
7845
7851
7852
7853
7854
7854
7856
7856
7859
7861
7862
7862
7863
7865
7865
7869
7881
7882
7884
7885
7886
7888
7892
7893
7894
7895
7897
7909
7910
7912
7914
7914
7915
7915
7916
7920
7920
7920
7921
7925
7926
7931
7933
7935
7936
7937
7939
7940
7941
7941
7941
7942
7946
7947
7948
7951
7952
7953
7953
7954
7955
7958
7958
7961
7962
7962
7971
7972
7973
7979
7981
7981
7981
7986
7986
7988
7989
7991
7993
7995
7996
7998
8004
8005
8006
8013
8014
8014
8022
8022
8025
8026
8032
8032
8033
8044
8044
8045
8045
8053
8054
8060
8061
8064
8064
8067
8067
8068
8072
8072
8074
8075
8075
8077
8079
8082
8083
8084
8088
8089
8091
8091
8092
8096
8096
8099
8102
8105
8106
8107
8111
8117
8117
8119
8119
8119
8123
8124
8124
8125
8126
8127
8131
8132
8132
8132
8137
8145
8145
8146
8147
8148
8148
8151
8156
8156
8157
8159
8160
8160
8163
8166
8167
8167
8168
8173
8173
8175
8180
8180
8182
8186
8190
8191
8192
8194
8196
8197
8197
8200
8204
8207
8211
8212
8212
8212
8215
8215
8217
8219
8220
8225
8226
8226
8227
8229
8231
8233
8234
8237
8246
8247
8248
8254
8259
8266
8268
8271
8272
8274
8274
8274
8276
8283
8284
8290
8291
8294
8294
8297
8300
8303
8303
8304
8304
8305
8310
8316
8317
8319
8323
8323
8324
8325
8326
8326
8326
8329
8330
8331
8334
8341
8341
8343
8345
8350
8351
8351
8354
8356
8357
8358
8359
8364
8364
8364
8366
8366
8370
8371
8375
8376
8379
8381
8382
8383
8384
8384
8384
8388
8389
8390
8391
8402
8403
8403
8406
8411
8414
8415
8415
8416
8417
8418
8419
8419
8420
8425
8426
8427
8427
8428
8429
8429
8433
8434
8439
8440
8440
8444
8446
8446
8446
8447
8451
8453
8454
8455
8460
8461
8463
8464
8465
8466
8466
8468
8468
8468
8469
8470
8474
8475
8475
8477
8478
8482
8485
8489
8489
8498
8499
8499
8500
8502
8502
8504
8505
8506
8506
8507
8510
8512
8513
8515
8520
8521
8521
8522
8525
8525
8529
8529
8530
8531
8531
8534
8540
8541
8543
8546
8547
8547
8549
8550
8552
8552
8555
8566
8567
8567
8568
8572
8573
8574
8577
8582
8584
8585
8586
8588
8590
8591
8592
8592
8593
8598
8598
8598
8599
8601
8601
8601
8607
8610
8616
8619
8624
8627
8630
8631
8637
8638
8640
8641
8644
8651
8655
8656
8657
8657
8657
8660
8661
8662
8676
8677
8677
8678
8679
8681
8685
8687
8689
8691
8692
8693
8694
8697
8697
8701
8702
8703
8703
8703
8704
8706
8706
8708
8710
8711
8714
8714
8715
8719
8725
8730
8732
8732
8733
8738
8739
8743
8744
8744
8751
8751
8755
8756
8758
8761
8764
8766
8767
8769
8769
8770
8773
8776
8781
8784
8788
8789
8791
8795
8798
8801
8801
8804
8811
8811
8811
8816
8817
8817
8820
8820
8821
8824
8826
8828
8832
8833
8837
8838
8839
8839
8843
8844
8845
8847
8848
8850
8857
8861
8861
8865
8865
8866
8868
8870
8872
8873
8874
8875
8876
8876
8882
8882
8882
8884
8884
8884
8886
8886
8887
8889
8892
8893
8894
8894
8897
8900
8901
8902
8907
8909
8910
8910
8910
8915
8916
8917
8921
8922
8923
8927
8927
8931
8933
8934
8939
8940
8941
8944
8944
8945
8949
8953
8957
8958
8960
8964
8969
8969
8970
8970
8972
8972
8973
8974
8978
8982
8985
8986
8988
8989
8990
8991
8991
8991
8992
8993
8996
8999
9003
9005
9006
9006
9009
9010
9013
9014
9019
9020
9021
9021
9022
9022
9028
9029
9030
9030
9031
9033
9035
9036
9036
9040
9040
9041
9047
9047
9050
9052
9054
9055
9056
9057
9058
9060
9062
9065
9065
9069
9069
9070
9070
9071
9071
9073
9082
9084
9084
9084
9085
9086
9086
9087
9087
9094
9095
9096
9099
9099
9103
9105
9106
9110
9111
9112
9114
9116
9120
9120
9123
9123
9123
9124
9125
9129
9129
9129
9131
9132
9132
9133
9135
9135
9136
9137
9139
9141
9144
9144
9144
9146
9147
9150
9152
9153
9163
9164
9164
9167
9167
9168
9169
9171
9172
9172
9177
9178
9178
9181
9182
9182
9184
9186
9188
9190
9191
9193
9195
9197
9199
9202
9205
9206
9206
9206
9212
9213
9218
9221
9221
9223
9223
9224
9225
9227
9227
9229
9230
9230
9233
9233
9234
9235
9238
9242
9242
9245
9246
9247
9254
9255
9259
9260
9260
9263
9266
9267
9272
9272
9273
9273
9275
9276
9276
9278
9278
9280
9281
9281
9282
9283
9283
9284
9284
9289
9290
9290
9293
9295
9300
9301
9302
9304
9307
9309
9309
9313
9320
9322
9323
9323
9325
9326
9326
9329
9331
9332
9344
9344
9345
9348
9350
9351
9354
9355
9355
9355
9357
9361
9365
9369
9369
9371
9372
9375
9375
9377
9377
9379
9380
9380
9384
9386
9389
9389
9393
9396
9397
9399
9404
9405
9405
9407
9410
9413
9413
9414
9414
9416
9419
9420
9420
9421
9421
9422
9423
9423
9425
9428
9432
9437
9437
9437
9440
9444
9447
9447
9449
9449
9450
9450
9451
9455
9456
9456
9458
9460
9464
9467
9469
9475
9477
9478
9479
9482
9482
9484
9488
9488
9489
9491
9495
9496
9498
9501
9505
9506
9506
9509
9512
9515
9517
9519
9523
9528
9528
9529
9530
9530
9530
9536
9546
9548
9548
9548
9549
9550
9552
9557
9557
9558
9560
9564
9565
9566
9571
9573
9576
9578
9580
9581
9585
9592
9594
9596
9600
9602
9603
9603
9605
9606
9613
9614
9614
9614
9616
9616
9618
9619
9622
9622
9624
9625
9629
9632
9633
9634
9636
9636
9636
9637
9639
9643
9643
9645
9647
9648
9650
9652
9652
9653
9655
9655
9656
9656
9663
9670
9674
9675
9676
9680
9680
9681
9681
9684
9685
9686
9687
9687
9690
9691
9695
9696
9696
9700
9700
9701
9701
9705
9706
9711
9711
9712
9712
9713
9715
9716
9716
9720
9727
9728
9730
9730
9733
9738
9739
9743
9745
9746
9749
9752
9752
9753
9755
9756
9757
9758
9758
9758
9759
9761
9763
9765
9766
9766
9769
9770
9771
9776
9778
9778
9783
9787
9791
9792
9797
9805
9805
9808
9814
9817
9822
9822
9822
9826
9831
9833
9834
9838
9838
9840
9842
9843
9844
9844
9848
9851
9855
9856
9856
9856
9856
9857
9858
9859
9860
9861
9862
9862
9863
9863
9866
9866
9869
9869
9869
9872
9872
9872
9872
9877
9878
9880
9881
9884
9890
9890
9893
9893
9895
9897
9897
9900
9900
9902
9903
9910
9914
9915
9918
9919
9924
9925
9925
9931
9931
9931
9932
9933
9934
9938
9939
9942
9942
9942
9944
9946
9947
9951
9952
9956
9959
9959
9966
9967
9975
9975
9975
9976
9976
9976
9978
9980
9983
9983
9985
9988
9994
9995
9999
10000
10000
10002
10002
10003
10007
10008
10011
10012
10012
10016
10017
10020
10022
10023
10024
10025
10027
10027
10029
10035
10037
10039
10040
10042
10047
10048
10051
10057
10059
10060
10061
10061
10064
10068
10073
10074
10075
10075
10076
10076
10078
10083
10084
10091
10091
10092
10095
10098
10098
10104
10106
10106
10108
10110
10114
10117
10117
10117
10118
10125
10127
10130
10133
10135
10136
10137
10138
10142
10145
10145
10146
10149
10152
10163
10166
10169
10172
10175
10181
10182
10183
10184
10184
10185
10186
10187
10191
10193
10193
10193
10196
10199
10200
10201
10202
10203
10205
10205
10207
10208
10209
10213
10214
10217
10221
10225
10228
10228
10232
10233
10236
10240
10243
10251
10251
10252
10253
10253
10254
10255
10264
10267
10268
10271
10273
10280
10284
10286
10288
10288
10289
10292
10298
10300
10300
10301
10303
10305
10306
10307
10308
10310
10312
10314
10315
10316
10317
10320
10324
10326
10327
10327
10330
10333
10338
10339
10339
10343
10353
10353
10356
10361
10363
10363
10366
10367
10369
10371
10373
10373
10377
10377
10377
10378
10379
10381
10383
10383
10383
10384
10390
10392
10394
10395
10397
10404
10405
10407
10411
10412
10413
10414
10416
10416
10417
10419
10419
10420
10420
10422
10422
10424
10424
10426
10427
10429
10433
10437
10437
10440
10440
10444
10446
10446
10447
10447
10448
10449
10450
10450
10450
10451
10456
10458
10458
10459
10461
10462
10462
10465
10468
10468
10472
10473
10473
10474
10474
10476
10480
10481
10483
10484
10488
10488
10491
10496
10496
10496
10497
10502
10506
10506
10507
10508
10508
10510
10513
10517
10518
10519
10522
10523
10524
10527
10527
10531
10537
10544
10554
10554
10554
10560
10562
10563
10565
10567
10569
10570
10571
10571
10572
10573
10574
10577
10582
10586
10589
10590
10590
10591
10593
10594
10594
10598
10598
10599
10602
10603
10605
10606
10606
10607
10612
10620
10622
10622
10626
10626
10630
10631
10633
10635
10637
10646
10648
10648
10649
10650
10654
10654
10654
10655
10656
10662
10662
10664
10666
10668
10668
10670
10676
10679
10680
10680
10685
10686
10691
10692
10693
10693
10693
10699
10702
10706
10707
10708
10709
10710
10712
10712
10716
10716
10717
10721
10723
10723
10725
10725
10726
10729
10730
10733
10734
10737
10738
10740
10741
10742
10747
10749
10751
10754
10754
10756
10756
10760
10761
10764
10766
10768
10772
10773
10774
10778
10782
10788
10789
10793
10794
10794
10799
10812
10813
10819
10821
10822
10823
10823
10826
10828
10830
10831
10836
10836
10838
10842
10844
10844
10849
10851
10851
10853
10853
10856
10857
10864
10867
10871
10873
10873
10877
10878
10880
10880
10884
10887
10888
10889
10890
10894
10898
10900
10905
10907
10908
10909
10913
10913
10914
10916
10919
10920
10922
10924
10924
10926
10928
10929
10931
10933
10935
10937
10949
10949
10950
10952
10952
10954
10961
10961
10962
10965
10968
10969
10969
10980
10982
10987
10990
10995
10995
11006
11006
11008
11009
11015
11016
11019
11022
11023
11027
11027
11028
11029
11032
11035
11036
11042
11042
11042
11042
11042
11043
11044
11051
11054
11055
11056
11060
11061
11064
11064
11064
11065
11066
11070
11070
11070
11071
11074
11078
11079
11079
11083
11085
11088
11090
11096
11097
11097
11104
11106
11106
11109
11111
11111
11111
11115
11117
11123
11125
11126
11128
11128
11129
11133
11137
11138
11140
11141
11144
11144
11146
11148
11151
11157
11160
11160
11161
11164
11166
11167
11168
11168
11170
11173
11176
11177
11178
11179
11180
11186
11188
11189
11190
11191
11191
11197
11199
11199
11200
11203
11207
11208
11208
11208
11210
11213
11217
11217
11221
11221
11221
11221
11224
11224
11229
11236
11236
11236
11240
11241
11245
11245
11246
11246
11247
11251
11252
11255
11259
11259
11265
11270
11271
11271
11272
11275
11275
11276
11277
11278
11278
11279
11279
11279
11289
11290
11291
11292
11293
11293
11296
11297
11298
11298
11299
11300
11301
11304
11304
11307
11314
11315
11316
11317
11320
11321
11322
11325
11325
11327
11331
11331
11331
11340
11341
11344
11345
11346
11349
11352
11353
11353
11357
11358
11363
11367
11368
11369
11369
11376
11376
11378
11379
11380
11383
11383
11384
11385
11385
11386
11388
11390
11394
11396
11396
11398
11400
11402
11403
11409
11410
11412
11413
11417
11421
11422
11428
11432
11434
11436
11441
11442
11442
11443
11446
11449
11449
11451
11456
11457
11458
11458
11462
11465
11469
11469
11471
11474
11475
11476
11476
11478
11479
11479
11479
11480
11485
11489
11490
11492
11493
11493
11495
11496
11497
11505
11506
11511
11512
11512
11512
11512
11515
11520
11522
11524
11525
11528
11532
11535
11535
11540
11543
11543
11544
11545
11548
11552
11556
11558
11564
11565
11566
11570
11570
11574
11574
11575
11580
11581
11583
11584
11588
11589
11589
11590
11595
11595
11599
11603
11606
11607
11607
11610
11614
11623
11624
11624
11628
11629
11631
11649
11651
11653
11654
11657
11658
11660
11661
11668
11669
11670
11675
11676
11677
11678
11681
11692
11693
11694
11694
11694
11695
11695
11696
11697
11704
11706
11712
11712
11715
11722
11723
11726
11728
11736
11738
11738
11742
11745
11745
11747
11747
11751
11752
11754
11755
11755
11758
11758
11762
11764
11765
11765
11765
11766
11767
11772
11772
11774
11777
11783
11784
11787
11788
11789
11794
11801
11801
11804
11807
11808
11808
11812
11812
11813
11814
11815
11816
11820
11824
11828
11828
11828
11831
11837
11837
11838
11838
11839
11840
11843
11843
11846
11846
11851
11851
11853
11853
11855
11858
11858
11858
11859
11862
11865
11866
11872
11876
11876
11882
11884
11884
11885
11886
11887
11888
11893
11895
11895
11897
11898
11901
11902
11904
11905
11905
11906
11907
11907
11910
11913
11913
11916
11920
11922
11925
11926
11929
11932
11933
11938
11940
11943
11944
11946
11947
11948
11950
11950
11952
11956
11957
11958
11959
11959
11968
11968
11970
11970
11972
11976
11977
11978
11980
11983
11984
11984
11985
11988
11990
11995
11996
12001
12006
12008
12010
12011
12016
12017
12018
12018
12019
12023
12024
12028
12028
12030
12032
12037
12042
12049
12049
12051
12055
12055
12055
12060
12061
12062
12067
12068
12069
12072
12073
12074
12076
12076
12080
12085
12093
12098
12099
12100
12101
12102
12104
12105
12112
12116
12116
12117
12119
12122
12122
12124
12125
12127
12128
12129
12129
12130
12130
12136
12137
12140
12141
12144
12144
12150
12150
12152
12156
12157
12159
12163
12165
12167
12170
12171
12172
12173
12176
12177
12177
12181
12182
12184
12185
12191
12193
12201
12201
12202
12205
12205
12208
12209
12209
12210
12212
12222
12227
12233
12234
12236
12236
12237
12238
12242
12243
12244
12246
12247
12251
12252
12252
12253
12257
12257
12258
12267
12268
12268
12269
12270
12271
12272
12272
12272
12275
12275
12277
12277
12280
12280
12282
12285
12285
12285
12292
12292
12293
12293
12293
12297
12300
12304
12307
12309
12309
12309
12309
12321
12321
12323
12323
12324
12329
12330
12335
12337
12341
12341
12341
12344
12350
12355
12355
12359
12364
12366
12368
12376
12377
12378
12378
12379
12379
12380
12383
12384
12385
12387
12388
12390
12399
12401
12405
12407
12408
12409
12410
12410
12412
12414
12415
12415
12419
12422
12422
12423
12426
12427
12431
12437
12437
12439
12440
12441
12442
12442
12443
12445
12452
12453
12454
12455
12456
12458
12458
12460
12462
12463
12465
12467
12467
12468
12471
12471
12475
12477
12479
12485
12493
12500
12502
12504
12505
12507
12510
12512
12513
12514
12519
12520
12520
12523
12524
12528
12529
12533
12534
12535
12535
12538
12540
12541
12542
12543
12543
12544
12546
12548
12549
12552
12552
12552
12556
12558
12559
12559
12561
12564
12566
12566
12567
12572
12574
12577
12578
12578
12579
12579
12581
12582
12583
12584
12587
12588
12589
12590
12591
12599
12600
12602
12603
12603
12607
12607
12614
12617
12617
12618
12618
12622
12622
12627
12628
12628
12632
12635
12637
12639
12640
12640
12644
12645
12649
12653
12658
12661
12661
12666
12666
12671
12674
12676
12677
12680
12681
12683
12684
12689
12692
12692
12698
12702
12703
12706
12711
12713
12715
12720
12722
12722
12728
12729
12731
12735
12737
12742
12743
12743
12745
12748
12748
12748
12757
12759
12759
12760
12764
12766
12766
12771
12772
12773
12774
12777
12779
12784
12785
12785
12787
12789
12794
12795
12796
12801
12801
12802
12803
12803
12804
12807
12811
12811
12813
12817
12819
12820
12821
12821
12821
12822
12823
12824
12825
12826
12834
12836
12838
12838
12845
12848
12849
12849
12850
12852
12855
12861
12869
12872
12872
12874
12875
12879
12880
12881
12882
12884
12884
12885
12888
12888
12890
12890
12891
12892
12895
12897
12897
12899
12900
12903
12906
12908
12909
12910
12911
12914
12920
12920
12924
12925
12931
12931
12937
12937
12944
12949
12950
12952
12953
12953
12956
12960
12961
12962
12963
12963
12966
12968
12970
12974
12979
12982
12984
12984
12990
12990
12992
12998
13000
13002
13003
13009
13010
13013
13013
13015
13023
13024
13025
13025
13026
13028
13029
13032
13033
13035
13044
13045
13046
13047
13051
13055
13057
13064
13065
13067
13067
13070
13072
13073
13074
13075
13076
13077
13079
13080
13080
13081
13082
13085
13086
13090
13090
13092
13093
13095
13095
13095
13100
13101
13101
13103
13105
13106
13107
13107
13109
13111
13114
13118
13119
13119
13120
13122
13123
13125
13125
13126
13128
13133
13135
13136
13136
13140
13141
13142
13142
13144
13144
13145
13146
13146
13150
13155
13156
13160
13161
13162
13163
13163
13164
13165
13166
13167
13169
13169
13171
13172
13178
13183
13184
13185
13191
13191
13192
13196
13200
13202
13212
13214
13215
13215
13221
13223
13228
13233
13234
13234
13236
13236
13241
13243
13246
13248
13252
13253
13262
13263
13265
13266
13266
13268
13269
13273
13278
13278
13278
13280
13280
13285
13289
13297
13301
13302
13305
13305
13308
13309
13310
13312
13313
13324
13324
13329
13331
13331
13332
13335
13335
13342
13344
13344
13350
13353
13370
13372
13377
13377
13378
13382
13383
13386
13387
13391
13396
13399
13399
13399
13399
13401
13406
13408
13411
13411
13420
13421
13421
13424
13427
13431
13431
13437
13437
13439
13439
13440
13444
13445
13448
13449
13449
13451
13454
13457
13457
13459
13460
13461
13462
13464
13468
13470
13471
13475
13476
13479
13486
13488
13491
13492
13494
13496
13498
13501
13502
13513
13513
13515
13519
13522
13524
13525
13526
13528
13529
13529
13533
13538
13538
13548
13550
13551
13551
13551
13552
13558
13560
13561
13564
13567
13569
13572
13573
13575
13576
13577
13577
13578
13580
13581
13582
13583
13583
13584
13585
13586
13588
13589
13590
13591
13592
13593
13593
13594
13598
13598
13600
13601
13602
13604
13604
13605
13605
13606
13606
13610
13610
13612
13617
13619
13619
13620
13621
13621
13622
13623
13624
13626
13627
13627
13630
13632
13633
13633
13634
13635
13638
13639
13643
13645
13645
13652
13660
13670
13672
13672
13672
13680
13681
13686
13686
13689
13690
13690
13692
13694
13695
13699
13700
13700
13700
13701
13702
13705
13706
13709
13710
13711
13711
13711
13713
13717
13720
13721
13722
13722
13725
13728
13730
13730
13734
13736
13738
13739
13739
13740
13754
13756
13759
13759
13760
13764
13767
13770
13771
13771
13773
13773
13774
13777
13779
13788
13792
13798
13800
13800
13801
13802
13807
13808
13809
13809
13810
13811
13813
13816
13816
13819
13820
13821
13827
13828
13828
13829
13831
13832
13834
13834
13835
13835
13836
13836
13838
13839
13839
13841
13841
13843
13844
13844
13846
13847
13849
13852
13852
13854
13855
13858
13859
13859
13860
13867
13869
13871
13873
13874
13875
13877
13880
13880
13882
13884
13884
13885
13892
13895
13897
13899
13899
13901
13902
13910
13911
13912
13913
13913
13915
13916
13921
13922
13930
13930
13931
13936
13938
13938
13941
13943
13945
13946
13946
13948
13949
13950
13951
13955
13956
13957
13959
13960
13961
13961
13966
13971
13972
13974
13976
13977
13977
13984
13984
13988
13989
13991
13993
13993
13994
13997
13998
13998
13998
13999
14000
14003
14011
14014
14014
14019
14023
14023
14024
14027
14028
14030
14032
14035
14036
14037
14039
14041
14042
14044
14045
14047
14053
14053
14054
14055
14055
14055
14056
14058
14058
14065
14066
14067
14068
14070
14074
14075
14075
14075
14083
14085
14088
14093
14094
14097
14102
14103
14103
14105
14106
14108
14110
14111
14114
14117
14123
14124
14133
14136
14141
14142
14142
14145
14145
14147
14148
14151
14152
14157
14162
14163
14167
14167
14171
14171
14173
14174
14174
14175
14175
14175
14175
14175
14176
14176
14179
14180
14182
14186
14188
14189
14189
14190
14193
14197
14200
14205
14207
14208
14208
14208
14209
14221
14223
14225
14228
14229
14229
14230
14230
14232
14234
14234
14234
14234
14235
14238
14243
14244
14246
14249
14250
14252
14253
14253
14258
14259
14261
14263
14266
14267
14268
14270
14274
14274
14275
14275
14276
14276
14282
14283
14284
14285
14286
14291
14292
14294
14294
14297
14300
14301
14303
14305
14305
14307
14309
14315
14315
14316
14319
14323
14324
14325
14325
14334
14334
14335
14342
14344
14347
14348
14351
14356
14360
14367
14367
14368
14369
14370
14373
14375
14376
14376
14377
14380
14380
14381
14382
14383
14390
14392
14395
14403
14404
14404
14405
14405
14405
14406
14408
14410
14411
14413
14417
14417
14418
14418
14420
14420
14424
14426
14427
14427
14428
14429
14432
14433
14434
14436
14441
14443
14443
14445
14447
14452
14453
14453
14453
14457
14458
14459
14460
14465
14472
14472
14474
14477
14480
14483
14485
14488
14491
14492
14493
14493
14493
14496
14497
14499
14499
14499
14500
14501
14502
14505
14506
14521
14522
14522
14524
14526
14529
14530
14533
14537
14542
14547
14547
14549
14550
14552
14552
14554
14554
14555
14557
14561
14561
14563
14565
14565
14576
14579
14582
14584
14586
14589
14595
14595
14602
14607
14617
14618
14623
14625
14626
14627
14629
14631
14631
14632
14632
14636
14637
14637
14642
14642
14644
14647
14648
14650
14652
14656
14666
14672
14674
14675
14676
14676
14680
14680
14681
14682
14686
14691
14691
14694
14698
14699
14700
14708
14709
14713
14717
14717
14719
14722
14725
14738
14739
14740
14740
14741
14743
14745
14746
14747
14749
14752
14752
14752
14756
14756
14757
14758
14759
14759
14759
14762
14766
14775
14775
14775
14779
14780
14784
14786
14788
14788
14789
14792
14796
14796
14800
14806
14809
14810
14810
14811
14812
14814
14815
14820
14820
14822
14823
14823
14828
14832
14833
14842
14843
14850
14850
14851
14856
14857
14864
14864
14866
14868
14875
14876
14876
14876
14885
14894
14896
14900
14900
14904
14904
14904
14904
14905
14911
14911
14912
14913
14913
14913
14915
14920
14921
14922
14926
14928
14930
14932
14937
14937
14937
14937
14937
14941
14944
14944
14945
14948
14954
14956
14957
14960
14963
14967
14969
14970
14971
14972
14975
14976
14982
14987
14988
14990
14990
14990
14994
15003
15006
15007
15007
15009
15013
15015
15016
15018
15018
15019
15019
15026
15026
15026
15031
15034
15036
15039
15039
15041
15043
15044
15045
15046
15051
15054
15055
15055
15056
15057
15057
15064
15065
15066
15068
15069
15069
15077
15077
15079
15083
15085
15087
15091
15092
15096
15102
15102
15108
15108
15109
15110
15111
15111
15111
15116
15118
15118
15119
15122
15122
15123
15123
15123
15124
15125
15125
15126
15128
15128
15137
15147
15148
15149
15149
15153
15158
15160
15160
15161
15163
15164
15167
15172
15176
15179
15188
15192
15197
15197
15198
15199
15199
15200
15202
15208
15208
15208
15210
15217
15221
15222
15223
15226
15227
15228
15229
15231
15233
15233
15235
15235
15238
15238
15239
15241
15241
15242
15245
15247
15247
15249
15250
15251
15251
15253
15257
15258
15258
15267
15268
15268
15273
15279
15280
15283
15284
15284
15285
15289
15292
15295
15297
15298
15305
15306
15308
15309
15313
15314
15322
15324
15325
15335
15335
15336
15337
15341
15342
15344
15345
15352
15358
15360
15362
15362
15363
15365
15365
15370
15370
15371
15372
15373
15378
15383
15383
15386
15387
15388
15388
15391
15393
15393
15396
15396
15408
15408
15408
15408
15411
15412
15412
15417
15417
15420
15420
15424
15425
15428
15428
15431
15434
15438
15438
15440
15441
15442
15442
15446
15446
15450
15452
15454
15461
15461
15463
15465
15465
15466
15467
15467
15472
15478
15483
15483
15484
15485
15485
15491
15491
15493
15494
15497
15499
15501
15502
15505
15506
15511
15511
15515
15516
15517
15518
15521
15523
15526
15527
15528
15529
15533
15533
15538
15539
15539
15540
15542
15545
15545
15549
15551
15552
15553
15553
15555
15558
15558
15560
15560
15560
15561
15564
15567
15568
15573
15575
15575
15576
15586
15587
15594
15598
15598
15600
15600
15601
15603
15604
15607
15608
15613
15613
15614
15615
15616
15620
15621
15624
15626
15628
15629
15629
15629
15630
15633
15635
15639
15640
15641
15642
15643
15643
15643
15646
15651
15653
15659
15661
15664
15665
15666
15669
15672
15674
15675
15675
15677
15678
15681
15685
15686
15687
15694
15696
15697
15698
15699
15699
15700
15702
15702
15702
15706
15707
15708
15711
15711
15714
15721
15728
15729
15732
15734
15736
15738
15739
15743
15747
15752
15753
15754
15760
15765
15766
15771
15771
15773
15774
15781
15781
15782
15784
15784
15784
15787
15790
15793
15796
15798
15798
15800
15801
15811
15813
15814
15814
15814
15821
15824
15826
15827
15827
15831
15834
15836
15841
15842
15842
15843
15843
15848
15850
15852
15852
15854
15855
15855
15860
15862
15864
15866
15868
15868
15868
15869
15869
15871
15876
15876
15878
15879
15879
15881
15881
15882
15883
15885
15889
15891
15895
15898
15898
15900
15901
15903
15903
15906
15909
15909
15916
15917
15919
15921
15923
15923
15923
15925
15926
15927
15927
15928
15929
15929
15931
15932
15933
15933
15934
15934
15940
15943
15943
15945
15950
15955
15955
15955
15957
15959
15962
15962
15963
15964
15967
15969
15971
15971
15974
15974
15976
15979
15980
15981
15981
15981
15982
15982
15982
15985
15986
15989
15995
15996
15996
15999
15999
16001
16009
16010
16012
16013
16013
16014
16018
16018
16020
16023
16025
16025
16027
16031
16031
16031
16032
16035
16036
16039
16039
16039
16043
16046
16047
16050
16053
16056
16057
16058
16058
16059
16064
16067
16067
16068
16069
16070
16074
16075
16078
16079
16080
16081
16081
16081
16083
16088
16088
16093
16095
16095
16097
16098
16099
16100
16102
16103
16104
16105
16107
16109
16113
16113
16114
16116
16119
16121
16122
16124
16124
16126
16128
16129
16129
16129
16130
16132
16132
16132
16133
16134
16135
16141
16143
16145
16147
16148
16151
16152
16152
16152
16153
16154
16154
16156
16156
16157
16158
16158
16159
16161
16164
16165
16166
16166
16166
16170
16173
16174
16179
16180
16180
16180
16181
16181
16182
16183
16183
16185
16185
16186
16186
16187
16190
16193
16194
16195
16200
16208
16208
16210
16210
16210
16214
16216
16217
16222
16223
16224
16225
16226
16232
16234
16234
16237
16242
16243
16243
16245
16248
16249
16252
16252
16253
16255
16261
16261
16263
16266
16266
16267
16270
16277
16279
16279
16279
16280
16282
16283
16283
16289
16292
16293
16294
16295
16298
16299
16302
16306
16308
16308
16312
16317
16317
16319
16320
16323
16325
16329
16329
16331
16334
16334
16338
16341
16342
16343
16344
16344
16347
16348
16348
16349
16356
16357
16360
16362
16363
16365
16367
16370
16373
16374
16376
16376
16378
16378
16378
16379
16381
16382
16384
16385
16386
16386
16387
16388
16391
16391
16394
16394
16395
16400
16403
16407
16409
16410
16410
16411
16411
16415
16416
16418
16423
16424
16426
16427
16428
16429
16430
16431
16432
16438
16439
16439
16442
16442
16443
16444
16444
16448
16450
16451
16452
16455
16458
16460
16465
16466
16466
16468
16468
16469
16469
16474
16474
16476
16480
16485
16485
16485
16485
16488
16490
16491
16492
16493
16494
16495
16496
16496
16497
16510
16511
16516
16518
16519
16521
16522
16526
16528
16533
16533
16533
16539
16541
16541
16542
16544
16547
16550
16557
16560
16566
16573
16580
16580
16582
16582
16587
16588
16589
16589
16593
16594
16596
16597
16597
16598
16598
16599
16599
16600
16605
16606
16615
16616
16623
16624
16624
16628
16630
16632
16634
16639
16640
16642
16644
16646
16647
16647
16648
16651
16652
16652
16657
16658
16661
16663
16664
16667
16669
16669
16674
16675
16677
16677
16678
16682
16685
16686
16687
16687
16688
16690
16690
16692
16693
16694
16697
16697
16697
16698
16699
16700
16700
16702
16702
16705
16705
16707
16707
16708
16711
16712
16712
16713
16714
16720
16722
16727
16727
16729
16735
16736
16737
16742
16743
16749
16750
16752
16755
16765
16766
16766
16769
16770
16776
16776
16777
16777
16778
16780
16783
16784
16784
16785
16789
16790
16792
16793
16799
16800
16804
16806
16809
16812
16813
16818
16821
16821
16823
16826
16827
16829
16830
16840
16842
16851
16855
16857
16858
16860
16868
16868
16874
16875
16875
16877
16879
16880
16880
16887
16887
16888
16889
16891
16892
16892
16893
16893
16894
16895
16896
16898
16899
16901
16901
16903
16905
16906
16907
16908
16909
16909
16910
16911
16912
16913
16916
16916
16916
16919
16924
16926
16927
16936
16938
16939
16946
16948
16950
16952
16954
16954
16955
16956
16959
16961
16962
16962
16962
16963
16964
16966
16968
16968
16971
16972
16973
16976
16976
16980
16980
16981
16984
16984
16992
17004
17005
17005
17010
17011
17011
17013
17025
17029
17030
17033
17034
17035
17036
17037
17038
17038
17038
17038
17039
17039
17041
17042
17046
17047
17049
17050
17055
17056
17056
17060
17060
17062
17063
17063
17066
17068
17070
17071
17071
17072
17072
17077
17082
17083
17084
17084
17085
17085
17086
17088
17089
17090
17091
17091
17091
17092
17092
17092
17092
17094
17094
17094
17097
17099
17099
17099
17100
17101
17104
17104
17105
17107
17107
17108
17109
17113
17115
17118
17119
17120
17123
17125
17128
17133
17137
17138
17138
17139
17139
17140
17142
17151
17155
17156
17157
17161
17162
17162
17163
17165
17166
17167
17167
17167
17168
17168
17169
17170
17173
17174
17177
17177
17178
17179
17179
17185
17186
17191
17193
17194
17200
17202
17205
17208
17214
17214
17216
17218
17223
17225
17227
17228
17237
17245
17245
17246
17247
17250
17250
17252
17252
17255
17258
17259
17265
17269
17272
17272
17275
17280
17284
17286
17287
17288
17294
17295
17296
17297
17297
17298
17300
17302
17305
17308
17309
17310
17312
17313
17315
17317
17318
17321
17322
17322
17324
17327
17327
17330
17333
17333
17335
17335
17337
17339
17340
17340
17341
17343
17344
17346
17347
17348
17349
17355
17360
17361
17363
17364
17365
17374
17376
17377
17380
17381
17387
17389
17390
17390
17393
17394
17395
17395
17397
17397
17398
17398
17400
17401
17403
17406
17406
17409
17410
17413
17421
17424
17426
17426
17432
17433
17433
17436
17443
17443
17444
17447
17449
17450
17452
17457
17457
17460
17461
17463
17464
17470
17471
17473
17474
17482
17482
17482
17483
17484
17485
17486
17488
17488
17491
17491
17497
17500
17501
17502
17502
17503
17504
17507
17508
17511
17513
17515
17519
17519
17519
17520
17520
17523
17527
17528
17529
17530
17531
17531
17535
17537
17537
17547
17548
17552
17561
17564
17565
17574
17575
17579
17580
17584
17584
17586
17587
17588
17589
17589
17590
17590
17590
17590
17593
17594
17595
17595
17596
17602
17603
17604
17609
17611
17611
17611
17613
17615
17617
17617
17619
17619
17620
17621
17621
17624
17626
17627
17630
17630
17632
17633
17634
17635
17636
17636
17637
17639
17644
17644
17645
17645
17646
17646
17654
17654
17655
17656
17656
17657
17657
17660
17662
17663
17664
17669
17671
17680
17680
17681
17684
17693
17696
17697
17700
17702
17704
17705
17706
17706
17714
17716
17719
17733
17736
17740
17740
17741
17741
17743
17743
17743
17749
17750
17752
17753
17755
17755
17757
17758
17759
17761
17761
17763
17763
17768
17771
17771
17774
17775
17775
17775
17783
17785
17785
17786
17787
17792
17796
17797
17798
17799
17801
17803
17807
17808
17808
17809
17810
17812
17813
17813
17815
17817
17818
17818
17819
17821
17825
17827
17827
17831
17831
17832
17836
17836
17843
17844
17844
17846
17847
17853
17856
17859
17860
17862
17865
17867
17877
17879
17881
17882
17884
17889
17891
17893
17894
17895
17896
17902
17908
17909
17912
17913
17914
17919
17921
17923
17923
17924
17925
17926
17928
17929
17931
17932
17934
17934
17935
17936
17937
17937
17938
17939
17940
17942
17943
17943
17947
17948
17949
17958
17959
17960
17964
17964
17971
17971
17974
17974
17975
17976
17977
17977
17979
17981
17981
17982
17983
17984
17987
17987
17988
17990
17995
17995
17998
17999
18005
18006
18007
18011
18013
18016
18017
18017
18018
18021
18022
18030
18032
18034
18039
18040
18040
18041
18043
18045
18046
18046
18048
18049
18050
18051
18052
18053
18057
18059
18060
18062
18065
18066
18067
18067
18067
18071
18074
18078
18079
18080
18083
18085
18086
18088
18089
18092
18093
18095
18096
18098
18099
18100
18100
18101
18103
18103
18106
18106
18107
18107
18114
18117
18117
18124
18128
18129
18129
18131
18132
18134
18135
18136
18139
18141
18145
18147
18154
18157
18158
18159
18160
18161
18161
18162
18165
18172
18173
18174
18176
18180
18182
18184
18185
18186
18187
18187
18188
18190
18190
18191
18192
18197
18197
18201
18203
18203
18204
18207
18210
18211
18215
18217
18219
18219
18221
18222
18222
18230
18234
18236
18244
18244
18247
18250
18257
18258
18259
18260
18261
18263
18264
18265
18267
18268
18269
18269
18269
18270
18271
18271
18271
18274
18274
18275
18275
18276
18278
18279
18281
18282
18282
18282
18283
18285
18287
18287
18292
18293
18295
18296
18297
18297
18298
18298
18299
18299
18299
18299
18301
18303
18304
18304
18309
18310
18313
18317
18321
18322
18322
18322
18323
18323
18325
18327
18330
18331
18332
18333
18335
18337
18339
18341
18342
18342
18345
18345
18345
18347
18349
18351
18351
18352
18352
18355
18361
18361
18362
18364
18369
18370
18370
18373
18374
18375
18376
18379
18380
18381
18381
18384
18389
18392
18397
18397
18397
18404
18406
18408
18410
18412
18413
18413
18415
18417
18419
18420
18420
18421
18422
18425
18428
18429
18431
18432
18434
18440
18445
18447
18447
18448
18449
18449
18451
18453
18454
18457
18460
18461
18462
18463
18465
18466
18467
18468
18470
18471
18476
18479
18483
18483
18485
18488
18489
18491
18495
18495
18498
18501
18502
18502
18502
18508
18510
18510
18511
18511
18512
18513
18513
18526
18528
18530
18530
18533
18535
18537
18537
18541
18542
18544
18545
18547
18553
18554
18554
18557
18558
18563
18565
18569
18573
18578
18579
18592
18595
18596
18597
18609
18612
18615
18617
18617
18618
18620
18622
18626
18628
18633
18633
18633
18637
18637
18639
18640
18640
18641
18652
18655
18657
18657
18658
18659
18661
18663
18665
18665
18668
18677
18677
18678
18680
18681
18682
18683
18683
18684
18692
18692
18695
18697
18698
18700
18702
18706
18707
18707
18712
18714
18714
18715
18719
18722
18725
18726
18728
18732
18732
18733
18735
18735
18740
18740
18744
18746
18748
18753
18753
18754
18756
18761
18762
18765
18770
18773
18775
18779
18779
18783
18784
18787
18788
18792
18793
18795
18795
18796
18798
18799
18802
18803
18804
18805
18805
18806
18806
18806
18807
18808
18808
18809
18810
18816
18817
18818
18823
18824
18830
18831
18835
18837
18839
18841
18841
18842
18842
18845
18849
18850
18851
18851
18854
18855
18857
18858
18858
18862
18863
18864
18865
18869
18869
18870
18870
18872
18872
18874
18878
18879
18884
18884
18891
18891
18891
18892
18894
18895
18896
18897
18899
18900
18901
18902
18904
18904
18904
18908
18910
18920
18920
18921
18923
18925
18925
18931
18934
18937
18939
18942
18943
18943
18945
18945
18948
18948
18949
18949
18949
18952
18953
18953
18956
18958
18959
18960
18967
18970
18973
18974
18978
18978
18979
18982
18986
18989
18990
18990
18992
18993
18996
18997
18997
18997
18997
18998
18999
18999
19000
19000
19010
19011
19016
19016
19018
19023
19023
19027
19035
19035
19038
19040
19040
19041
19042
19043
19044
19049
19049
19051
19052
19054
19055
19055
19055
19058
19058
19061
19061
19063
19067
19068
19068
19069
19070
19072
19073
19078
19079
19081
19082
19083
19084
19088
19097
19100
19101
19101
19104
19104
19109
19109
19109
19116
19119
19124
19124
19126
19127
19128
19135
19135
19137
19140
19141
19146
19147
19150
19158
19159
19161
19162
19164
19165
19165
19167
19168
19170
19171
19176
19184
19187
19187
19191
19193
19194
19196
19196
19197
19201
19202
19203
19207
19208
19209
19209
19209
19210
19211
19215
19219
19221
19221
19222
19225
19227
19230
19231
19233
19233
19235
19236
19236
19239
19241
19241
19241
19242
19243
19243
19243
19244
19245
19245
19245
19248
19248
19253
19253
19253
19257
19258
19263
19263
19264
19267
19268
19272
19275
19276
19279
19280
19280
19284
19286
19291
19293
19296
19298
19300
19300
19301
19305
19307
19312
19312
19313
19315
19315
19319
19320
19324
19326
19328
19330
19332
19332
19339
19340
19340
19342
19345
19346
19347
19350
19350
19353
19353
19353
19355
19359
19360
19360
19360
19361
19361
19368
19368
19371
19371
19377
19378
19379
19382
19386
19387
19389
19390
19392
19394
19395
19397
19398
19403
19403
19405
19407
19410
19411
19411
19413
19413
19413
19414
19414
19415
19418
19418
19418
19421
19422
19426
19427
19440
19440
19441
19441
19444
19445
19446
19447
19447
19448
19450
19456
19458
19460
19461
19468
19471
19472
19474
19476
19481
19483
19483
19485
19486
19488
19489
19489
19490
19491
19494
19494
19497
19500
19500
19506
19507
19507
19508
19509
19517
19524
19529
19530
19530
19534
19535
19538
19540
19541
19544
19544
19545
19545
19546
19547
19550
19551
19551
19552
19553
19553
19557
19557
19560
19561
19561
19562
19564
19568
19568
19569
19571
19572
19572
19574
19576
19577
19578
19579
19579
19582
19585
19585
19586
19590
19591
19591
19592
19594
19596
19597
19597
19600
19605
19605
19606
19609
19609
19609
19610
19612
19613
19615
19615
19616
19616
19617
19620
19625
19626
19627
19629
19630
19631
19633
19633
19633
19638
19642
19642
19643
19644
19645
19645
19646
19652
19652
19654
19654
19654
19655
19656
19656
19662
19662
19663
19663
19666
19668
19670
19671
19673
19674
19677
19679
19684
19685
19685
19689
19690
19692
19692
19695
19702
19703
19703
19703
19705
19706
19707
19707
19712
19713
19714
19717
19724
19725
19726
19726
19727
19728
19730
19735
19736
19737
19739
19741
19741
19741
19746
19748
19749
19750
19753
19757
19758
19759
19761
19764
19765
19765
19771
19772
19775
19779
19780
19781
19781
19784
19785
19785
19788
19788
19792
19796
19797
19799
19802
19802
19810
19815
19817
19819
19819
19820
19824
19830
19832
19833
19835
19835
19835
19838
19841
19843
19852
19852
19853
19855
19856
19857
19857
19858
19860
19863
19865
19866
19866
19870
19871
19874
19879
19880
19880
19881
19882
19886
19889
19892
19892
19906
19907
19908
19908
19909
19910
19911
19914
19916
19918
19922
19922
19924
19929
19931
19932
19935
19935
19937
19937
19939
19939
19941
19941
19945
19945
19947
19956
19959
19963
19964
19967
19969
19973
19973
19975
19975
19980
19981
19983
19988
19989
19989
19990
19993
19993
19996
